T 1 1 0 1 P 580 485 -90 0 0 0 0 0 0 C 580 485 -90 0 0 0 0 0 0
T 1 2 0 1 P 580 485 -90 0 0 0 0 0 0 C 580 485 -90 0 0 0 0 0 0
T 1 3 0 1 P 580 485 -90 0 0 0 0 0 0 C 580 485 -90 0 0 0 0 0 0
T 1 4 0 1 P 580 485 -90 0 0 0 0 0 0 C 580 485 -90 0 0 0 0 0 0
T 1 5 0 1 P 580 485 -90 0 0 0 0 0 0 C 580 485 -90 0 0 0 0 0 0
T 1 6 0 1 P 580 485 -90 0 0 0 0 0 0 C 580 485 -90 0 0 0 0 0 0
T 1 7 0 1 P 580 485 -90 0 0 0 0 0 0 C 580 485 -90 0 0 0 0 0 0
T 1 8 0 1 P 580 485 -90 0 0 0 0 0 0 C 580 485 -90 0 0 0 0 0 0
T 1 9 0 1 P 580 485 -90 0 0 0 0 0 0 C 580 485 -90 0 0 0 0 0 0
T 1 10 0 1 P 580 485 -90 0 0 0 0 0 0 C 580 485 -90 0 0 0 0 0 0
T 1 11 0 1 P 580 485 -90 0 0 0 0 0 0 C 580 485 -90 0 0 0 0 0 0
T 1 12 0 1 P 580 485 -90 0 0 0 0 0 0 C 580 485 -90 0 0 0 0 0 0
T 1 13 0 1 P 580 485 -90 0 0 0 0 0 0 C 580 485 -90 0 0 0 0 0 0
T 1 14 0 1 P 580 485 -90 0 0 0 0 0 0 C 580 485 -90 0 0 0 0 0 0
T 1 15 0 1 P 580 485 -90 0 0 0 0 0 0 C 580 485 -90 0 0 0 0 0 0
T 1 16 0 1 P 580 485 -90 0 0 0 0 0 0 C 580 485 -90 0 0 0 0 0 0
T 1 17 0 1 P 580 485 -90 0 0 0 0 0 0 C 580 485 -90 0 0 0 0 0 0
T 1 18 0 1 P 580 485 -90 0 0 0 0 0 0 C 580 485 -90 0 0 0 0 0 0
T 1 19 0 1 P 580 485 -90 0 0 0 0 0 0 C 580 485 -90 0 0 0 0 0 0
T 1 20 0 1 P 580 485 -90 0 0 0 0 0 0 C 580 485 -90 0 0 0 0 0 0
T 1 21 0 1 P 580 485 -90 0 0 0 0 0 0 C 580 485 -90 0 0 0 0 0 0
T 1 22 0 1 P 580 485 -90 0 0 0 0 0 0 C 580 485 -90 0 0 0 0 0 0
T 1 23 0 1 P 580 485 -90 0 0 0 0 0 0 C 580 485 -90 0 0 0 0 0 0
T 1 24 0 1 P 580 485 -90 0 0 0 0 0 0 C 580 485 -90 0 0 0 0 0 0
T 1 25 0 1 P 580 485 -90 0 0 0 0 0 0 C 580 485 -90 0 0 0 0 0 0
T 1 26 0 1 P 580 485 -90 0 0 0 0 0 0 C 580 485 -90 0 0 0 0 0 0
T 1 27 0 1 P 580 485 -90 0 0 0 0 0 0 C 580 485 -90 0 0 0 0 0 0
T 1 28 0 1 P 580 485 -90 0 0 0 0 0 0 C 580 485 -90 0 0 0 0 0 0
T 1 29 0 1 P 580 485 -90 0 0 0 0 0 0 C 580 485 -90 0 0 0 0 0 0
T 1 30 0 1 P 580 485 -90 0 0 0 0 0 0 C 580 485 -90 0 0 0 0 0 0
T 1 31 0 1 P 580 485 -90 0 0 0 0 0 0 C 580 485 -90 0 0 0 0 0 0
T 1 32 0 1 P 580 485 -90 0 0 0 0 0 0 C 580 485 -90 0 0 0 0 0 0
T 1 33 0 1 P 580 485 -90 0 0 0 0 0 0 C 580 485 -90 0 0 0 0 0 0
T 1 34 0 1 P 580 485 -90 0 0 0 0 0 0 C 580 485 -90 0 0 0 0 0 0
T 1 35 0 1 P 580 485 -90 0 0 0 0 0 0 C 580 485 -90 0 0 0 0 0 0
T 1 36 0 1 P 580 485 -90 0 0 0 0 0 0 C 580 485 -90 0 0 0 0 0 0
T 1 37 0 1 P 580 485 -90 0 0 0 0 0 0 C 580 485 -90 0 0 0 0 0 0
T 1 38 0 1 P 580 485 -90 0 0 0 0 0 0 C 580 485 -90 0 0 0 0 0 0
T 1 39 0 1 P 580 485 -90 0 0 0 0 0 0 C 580 485 -90 0 0 0 0 0 0
T 1 40 0 1 P 580 485 -90 0 0 0 0 0 0 C 580 485 -90 0 0 0 0 0 0
T 1 41 0 1 P 580 485 -90 0 0 0 0 0 0 C 580 485 -90 0 0 0 0 0 0
T 1 42 0 1 P 580 485 -90 0 0 0 0 0 0 C 580 485 -90 0 0 0 0 0 0
T 1 43 0 1 P 580 485 -90 0 0 0 0 0 0 C 580 485 -90 0 0 0 0 0 0
T 1 44 0 1 P 580 485 -90 0 0 0 0 0 0 C 580 485 -90 0 0 0 0 0 0
T 1 45 0 1 P 580 485 -90 0 0 0 0 0 0 C 580 485 -90 0 0 0 0 0 0
T 1 46 0 1 P 580 485 -90 0 0 0 0 0 0 C 580 485 -90 0 0 0 0 0 0
T 1 47 0 1 P 580 485 -90 0 0 0 0 0 0 C 580 485 -90 0 0 0 0 0 0
T 1 48 0 1 P 580 485 -90 0 0 0 0 0 0 C 580 485 -90 0 0 0 0 0 0
T 1 49 0 1 P 580 485 -90 0 0 0 0 0 0 C 580 485 -90 0 0 0 0 0 0
T 1 50 0 1 P 580 485 -90 0 0 0 0 0 0 C 580 485 -90 0 0 0 0 0 0
T 1 51 0 1 P 580 485 -90 0 0 0 0 0 0 C 580 485 -90 0 0 0 0 0 0
T 1 52 0 1 P 580 485 -90 0 0 0 0 0 0 C 580 485 -90 0 0 0 0 0 0
T 1 53 0 1 P 580 485 -90 0 0 0 0 0 0 C 580 485 -90 0 0 0 0 0 0
T 1 54 0 1 P 580 485 -90 0 0 0 0 0 0 C 580 485 -90 0 0 0 0 0 0
T 1 55 0 1 P 580 485 -90 0 0 0 0 0 0 C 580 485 -90 0 0 0 0 0 0
T 1 56 0 1 P 580 485 -90 0 0 0 0 0 0 C 580 485 -90 0 0 0 0 0 0
L 25 98 73 -1 -0.568419 1 -859.675 29.6147 0
