T 1 1 0 1 P 580 485 -90 0 0 0 0 0 0 C 580 485 -90 0 0 0 0 0 0
L 30 95 65 -1 -0.781387 1 -769.179 38.0036 0
T 1 2 0 1 P 580 485 -90 0 0 0 0 0 0 C 580 485 -90 0 0 0 0 0 0
L 34 94 60 -1 -0.876351 1 -739.326 41.2298 0
T 1 3 0 1 P 580 485 -90 0 0 0 0 0 0 C 580 485 -90 0 0 0 0 0 0
L 33 96 63 -1 -0.827262 1 -756.344 39.5997 0
T 1 4 0 1 P 580 485 -90 0 0 0 0 0 0 C 580 485 -90 0 0 0 0 0 0
L 31 100 69 -1 -0.778434 1 -771.22 37.8984 0
T 1 5 0 1 P 580 485 -90 0 0 0 0 0 0 C 580 485 -90 0 0 0 0 0 0
L 36 101 65 -1 -0.814957 1 -760.932 39.1785 0
T 1 6 0 1 P 580 485 -90 0 0 0 0 0 0 C 580 485 -90 0 0 0 0 0 0
L 42 102 60 -1 -0.765543 1 -776.106 37.4356 0
T 1 7 0 1 P 580 485 -90 0 0 0 0 0 0 C 580 485 -90 0 0 0 0 0 0
L 47 109 62 -1 -0.828749 1 -752.898 39.6502 0
T 1 8 0 1 P 580 485 -90 0 0 0 0 0 0 C 580 485 -90 0 0 0 0 0 0
L 50 114 64 -1 -0.800369 1 -766.033 38.6727 0
T 1 9 0 1 P 580 485 -90 0 0 0 0 0 0 C 580 485 -90 0 0 0 0 0 0
L 48 115 67 -1 -0.884239 1 -734.322 41.4844 0
T 1 10 0 1 P 580 485 -90 0 0 0 0 0 0 C 580 485 -90 0 0 0 0 0 0
L 53 117 64 -1 -0.839913 1 -751.853 40.0273 0
T 1 11 0 1 P 580 485 -90 0 0 0 0 0 0 C 580 485 -90 0 0 0 0 0 0
L 53 117 64 -1 -0.757219 1 -777.191 37.1337 0
T 1 12 0 1 P 580 485 -90 0 0 0 0 0 0 C 580 485 -90 0 0 0 0 0 0
L 50 119 69 -1 -0.825828 1 -756.052 39.5508 0
T 1 13 0 1 P 580 485 -90 0 0 0 0 0 0 C 580 485 -90 0 0 0 0 0 0
L 56 115 59 -1 -0.760229 1 -777.09 37.2431 0
T 1 14 0 1 P 580 485 -90 0 0 0 0 0 0 C 580 485 -90 0 0 0 0 0 0
L 53 118 65 -1 -0.813347 1 -758.128 39.1231 0
T 1 15 0 1 P 580 485 -90 0 0 0 0 0 0 C 580 485 -90 0 0 0 0 0 0
L 46 116 70 -1 -0.784062 1 -769.7 38.0986 0
T 1 16 0 1 P 580 485 -90 0 0 0 0 0 0 C 580 485 -90 0 0 0 0 0 0
L 53 115 62 -1 -0.756117 1 -779.408 37.0935 0
T 1 17 0 1 P 580 485 -90 0 0 0 0 0 0 C 580 485 -90 0 0 0 0 0 0
L 53 114 61 -1 -0.757507 1 -778.788 37.1442 0
T 1 18 0 1 P 580 485 -90 0 0 0 0 0 0 C 580 485 -90 0 0 0 0 0 0
L 51 112 61 -1 -0.844642 1 -749.235 40.1859 0
T 1 19 0 1 P 580 485 -90 0 0 0 0 0 0 C 580 485 -90 0 0 0 0 0 0
L 46 105 59 -1 -0.651534 1 -813.686 33.0856 0
T 1 20 0 1 P 580 485 -90 0 0 0 0 0 0 C 580 485 -90 0 0 0 0 0 0
L 44 110 66 -1 -0.780069 1 -772.965 37.9567 0
T 1 21 0 1 P 580 485 -90 0 0 0 0 0 0 C 580 485 -90 0 0 0 0 0 0
L 48 108 60 -1 -0.683771 1 -805.826 34.3632 0
T 1 22 0 1 P 580 485 -90 0 0 0 0 0 0 C 580 485 -90 0 0 0 0 0 0
L 48 110 62 -1 -0.751832 1 -782.403 36.937 0
T 1 23 0 1 P 580 485 -90 0 0 0 0 0 0 C 580 485 -90 0 0 0 0 0 0
L 48 112 64 -1 -0.807471 1 -767.162 38.9199 0
T 1 24 0 1 P 580 485 -90 0 0 0 0 0 0 C 580 485 -90 0 0 0 0 0 0
L 49 110 61 -1 -0.759497 1 -780.509 37.2166 0
T 1 25 0 1 P 580 485 -90 0 0 0 0 0 0 C 580 485 -90 0 0 0 0 0 0
L 47 112 65 -1 -0.813014 1 -762.955 39.1116 0
T 1 26 0 1 P 580 485 -90 0 0 0 0 0 0 C 580 485 -90 0 0 0 0 0 0
L 39 109 70 -1 -0.744432 1 -784.13 36.6652 0
T 1 27 0 1 P 580 485 -90 0 0 0 0 0 0 C 580 485 -90 0 0 0 0 0 0
L 50 109 59 -1 -0.782458 1 -770.737 38.0417 0
T 1 28 0 1 P 580 485 -90 0 0 0 0 0 0 C 580 485 -90 0 0 0 0 0 0
L 45 111 66 -1 -0.864919 1 -744.496 40.8572 0
T 1 29 0 1 P 580 485 -90 0 0 0 0 0 0 C 580 485 -90 0 0 0 0 0 0
L 46 106 60 -1 -0.775864 1 -773.412 37.8066 0
T 1 30 0 1 P 580 485 -90 0 0 0 0 0 0 C 580 485 -90 0 0 0 0 0 0
L 44 110 66 -1 -0.826838 1 -755.719 39.5852 0
T 1 31 0 1 P 580 485 -90 0 0 0 0 0 0 C 580 485 -90 0 0 0 0 0 0
L 48 108 60 -1 -0.805042 1 -762.137 38.8355 0
T 1 32 0 1 P 580 485 -90 0 0 0 0 0 0 C 580 485 -90 0 0 0 0 0 0
L 49 109 60 -1 -0.779137 1 -771.277 37.9235 0
T 1 33 0 1 P 580 485 -90 0 0 0 0 0 0 C 580 485 -90 0 0 0 0 0 0
L 42 113 71 -1 -0.824125 1 -757.466 39.4928 0
T 1 34 0 1 P 580 485 -90 0 0 0 0 0 0 C 580 485 -90 0 0 0 0 0 0
L 49 112 63 -1 -0.801765 1 -766.18 38.7214 0
T 1 35 0 1 P 580 485 -90 0 0 0 0 0 0 C 580 485 -90 0 0 0 0 0 0
L 50 113 63 -1 -0.797216 1 -767.097 38.5624 0
T 1 36 0 1 P 580 485 -90 0 0 0 0 0 0 C 580 485 -90 0 0 0 0 0 0
L 49 113 64 -1 -0.820333 1 -759.805 39.3632 0
T 1 37 0 1 P 580 485 -90 0 0 0 0 0 0 C 580 485 -90 0 0 0 0 0 0
L 44 111 67 -1 -0.802783 1 -765.17 38.7569 0
T 1 38 0 1 P 580 485 -90 0 0 0 0 0 0 C 580 485 -90 0 0 0 0 0 0
L 47 108 61 -1 -0.744872 1 -784.559 36.6814 0
T 1 39 0 1 P 580 485 -90 0 0 0 0 0 0 C 580 485 -90 0 0 0 0 0 0
L 44 106 62 -1 -0.773745 1 -771.421 37.7307 0
T 1 40 0 1 P 580 485 -90 0 0 0 0 0 0 C 580 485 -90 0 0 0 0 0 0
L 48 110 62 -1 -0.783057 1 -772.793 38.063 0
T 1 41 0 1 P 580 485 -90 0 0 0 0 0 0 C 580 485 -90 0 0 0 0 0 0
L 48 110 62 -1 -0.839542 1 -752.693 40.0149 0
T 1 42 0 1 P 580 485 -90 0 0 0 0 0 0 C 580 485 -90 0 0 0 0 0 0
L 45 108 63 -1 -0.836915 1 -752.375 39.9265 0
T 1 43 0 1 P 580 485 -90 0 0 0 0 0 0 C 580 485 -90 0 0 0 0 0 0
L 36 101 65 -1 -0.818227 1 -758.254 39.291 0
T 1 44 0 1 P 580 485 -90 0 0 0 0 0 0 C 580 485 -90 0 0 0 0 0 0
L 28 93 65 -1 -0.76953 1 -773.876 37.5794 0
T 1 45 0 1 P 580 485 -90 0 0 0 0 0 0 C 580 485 -90 0 0 0 0 0 0
L 31 92 61 -1 -0.75525 1 -778.954 37.0619 0
T 1 46 0 1 P 580 485 -90 0 0 0 0 0 0 C 580 485 -90 0 0 0 0 0 0
L 27 93 66 -1 -0.744383 1 -785.073 36.6634 0
T 1 47 0 1 P 580 485 -90 0 0 0 0 0 0 C 580 485 -90 0 0 0 0 0 0
L 31 92 61 -1 -0.735652 1 -786.732 36.3401 0
T 1 48 0 1 P 580 485 -90 0 0 0 0 0 0 C 580 485 -90 0 0 0 0 0 0
L 37 100 63 -1 -0.778197 1 -772.724 37.8899 0
T 1 49 0 1 P 580 485 -90 0 0 0 0 0 0 C 580 485 -90 0 0 0 0 0 0
L 44 109 65 -1 -0.772746 1 -776.293 37.6949 0
T 1 50 0 1 P 580 485 -90 0 0 0 0 0 0 C 580 485 -90 0 0 0 0 0 0
L 54 118 64 -1 -0.854928 1 -748.997 40.5281 0
T 1 51 0 1 P 580 485 -90 0 0 0 0 0 0 C 580 485 -90 0 0 0 0 0 0
L 53 114 61 -1 -0.736275 1 -784.073 36.3633 0
T 1 52 0 1 P 580 485 -90 0 0 0 0 0 0 C 580 485 -90 0 0 0 0 0 0
L 44 114 70 -1 -0.819204 1 -760.33 39.3245 0
T 1 53 0 1 P 580 485 -90 0 0 0 0 0 0 C 580 485 -90 0 0 0 0 0 0
L 45 108 63 -1 -0.814297 1 -758.744 39.1558 0
T 1 54 0 1 P 580 485 -90 0 0 0 0 0 0 C 580 485 -90 0 0 0 0 0 0
L 42 105 63 -1 -0.786932 1 -769.411 38.2003 0
T 1 55 0 1 P 580 485 -90 0 0 0 0 0 0 C 580 485 -90 0 0 0 0 0 0
L 44 106 62 -1 -0.822118 1 -758.545 39.4242 0
T 1 56 0 1 P 580 485 -90 0 0 0 0 0 0 C 580 485 -90 0 0 0 0 0 0
L 47 115 68 -1 -0.789787 1 -766.895 38.3012 0
T 1 57 0 1 P 580 485 -90 0 0 0 0 0 0 C 580 485 -90 0 0 0 0 0 0
L 54 119 65 -1 -0.846537 1 -747.381 40.2491 0
T 1 58 0 1 P 580 485 -90 0 0 0 0 0 0 C 580 485 -90 0 0 0 0 0 0
L 54 117 63 -1 -0.825616 1 -756.041 39.5436 0
T 1 59 0 1 P 580 485 -90 0 0 0 0 0 0 C 580 485 -90 0 0 0 0 0 0
L 46 109 63 -1 -0.780685 1 -768.677 37.9786 0
T 1 60 0 1 P 580 485 -90 0 0 0 0 0 0 C 580 485 -90 0 0 0 0 0 0
L 45 111 66 -1 -0.788491 1 -769.261 38.2555 0
T 1 61 0 1 P 580 485 -90 0 0 0 0 0 0 C 580 485 -90 0 0 0 0 0 0
L 41 108 67 -1 -0.782543 1 -770.808 38.0447 0
