-0.00137605 -20.7581 20.5688 -199.726 198.059 
-0.00137605 -31.1249 29.4769 -199.882 198.207 
-0.00137605 -37.3627 37.027 -200.069 198.392 
-0.00137605 -40.8264 41.8274 -200.273 198.601 
-0.00137605 -48.4192 45.2454 -200.515 198.827 
-0.00137605 -53.2806 54.1718 -200.781 199.098 
-0.00137605 -60.8887 60.3394 -201.086 199.4 
-0.00137605 -65.7288 65.1367 -201.414 199.725 
-0.00137605 -69.8853 70.6299 -201.764 200.079 
-0.00137605 -75.3998 71.9818 -202.141 200.438 
-0.00137605 -78.183 77.475 -202.532 200.826 
-0.00137605 -80.9448 78.8452 -202.937 201.22 
-0.00137605 -82.3395 82.9742 -203.348 201.635 
-0.00137605 -85.1013 84.3384 -203.774 202.057 
-0.00137605 -86.4777 84.3231 -204.206 202.478 
-0.00137605 -83.0261 82.2815 -204.621 202.89 
-0.00137605 -79.5654 78.8513 -205.019 203.284 
-0.00137605 -76.1047 75.4211 -205.4 203.661 
-0.00137605 -72.644 70.6177 -205.763 204.014 
-0.00137605 -63.6536 63.0798 -206.081 204.329 
-0.00137605 -56.0394 55.5389 -206.361 204.607 
-0.00137605 -42.215 43.2037 -206.572 204.823 
-0.00137605 -33.8867 30.8411 -206.742 204.977 
-0.00137605 -22.8394 24.0051 -206.856 205.097 
-0.00137605 -16.5985 15.0787 -206.939 205.173 
-0.00137605 -9.69238 10.9741 -206.987 205.228 
-0.00137605 -6.91833 6.8573 -207.022 205.262 
-0.00137605 -4.84009 3.42407 -207.046 205.279 
-0.00137605 -4.84009 4.79736 -207.07 205.303 
-0.00137605 -4.84314 4.80042 -207.095 205.327 
-0.00137605 -7.61108 7.54395 -207.133 205.365 
-0.00137605 -7.60803 7.54089 -207.171 205.402 
-0.00137605 -12.4573 12.3413 -207.233 205.464 
-0.00137605 -15.9149 15.7745 -207.313 205.543 
-0.00137605 -18.6859 19.8883 -207.406 205.643 
-0.00137605 -20.0623 19.8853 -207.506 205.742 
-0.00137605 -17.3004 17.1417 -207.593 205.828 
-0.00137605 -13.8275 12.3322 -207.662 205.889 
-0.00137605 -9.00269 10.2905 -207.707 205.941 
-0.00137605 -6.22864 6.17371 -207.738 205.972 
-0.00137605 -2.07214 2.05383 -207.749 205.982 
-0.00137605 0 0 -207.749 205.982 
-0.00137605 2.76489 -2.74048 -207.735 205.968 
-0.00137605 4.15039 -4.11377 -207.714 205.948 
-0.00137605 5.54199 -6.86035 -207.686 205.913 
-0.00137605 5.53589 -5.48706 -207.659 205.886 
-0.00137605 5.53894 -6.8634 -207.631 205.852 
-0.00137605 7.60498 -6.16455 -207.593 205.821 
-0.00137605 6.21948 -4.79126 -207.562 205.797 
-0.00137605 3.46985 -4.80652 -207.544 205.773 
-0.00137605 5.52673 -4.11072 -207.517 205.752 
-0.00137605 2.0813 -3.43018 -207.506 205.735 
-0.00137605 3.45764 -2.05383 -207.489 205.725 
-0.00137605 -0.686646 -0.692749 -207.492 205.721 
-0.00137605 -0.00915527 1.38245 -207.493 205.728 
-0.00137605 -2.06604 0.674438 -207.503 205.732 
-0.00137605 -0.698853 2.06604 -207.506 205.742 
-0.00137605 -2.76184 1.36414 -207.52 205.749 
-0.00137605 -0.00610352 1.37329 -207.52 205.756 
-0.00137605 0 0 -207.52 205.756 
-0.00137605 -1.37634 -0.00305176 -207.527 205.756 
-0.00137605 2.75879 -1.36719 -207.513 205.749 
-0.00137605 -0.692749 0.686646 -207.517 205.752 
-0.00137605 1.38245 -1.37024 -207.51 205.745 
-0.00137605 0.698853 -2.05994 -207.506 205.735 
-0.00137605 2.07214 -0.680542 -207.496 205.732 
-0.00137605 -2.07214 0.680542 -207.506 205.735 
-0.00137605 -0.00305176 1.37634 -207.506 205.742 
-0.00137605 -2.06299 -0.701904 -207.517 205.738 
-0.00137605 0.683594 0.695801 -207.513 205.742 
-0.00137605 -0.692749 0.686646 -207.517 205.745 
-0.00137605 0 0 -207.517 205.745 
-0.00137605 0.686646 0.686646 -207.513 205.749 
-0.00137605 -0.686646 -0.686646 -207.517 205.745 
-0.00137605 1.37634 0.00305176 -207.51 205.745 
-0.00137605 -0.683594 -0.689697 -207.513 205.742 
-0.00137605 0.683594 0.689697 -207.51 205.745 
-0.00137605 0 0 -207.51 205.745 
-0.00137605 -0.683594 -0.689697 -207.513 205.742 
-0.00137605 -1.38245 1.37024 -207.52 205.749 
-0.00137605 -0.686646 -0.692749 -207.524 205.745 
-0.00137605 1.37634 0.00915527 -207.517 205.745 
-0.00137605 0 0 -207.517 205.745 
-0.00137605 0.686646 0.686646 -207.513 205.749 
-0.00137605 -1.37329 -1.37939 -207.52 205.742 
-0.00137605 2.07214 -0.680542 -207.51 205.738 
-0.00137605 -0.692749 0.686646 -207.513 205.742 
-0.00137605 2.07825 -2.05994 -207.503 205.732 
-0.00137605 10.3699 -8.90503 -207.451 205.687 
-0.00137605 18.689 -19.8914 -207.358 205.588 
-0.00137605 24.2065 -22.6196 -207.237 205.475 
-0.00137605 26.2939 -26.0559 -207.105 205.344 
-0.00137605 24.9054 -24.6857 -206.981 205.221 
-0.00137605 24.9115 -26.059 -206.856 205.091 
-0.00137605 29.7485 -28.1067 -206.707 204.95 
-0.00137605 32.5104 -30.8502 -206.545 204.796 
-0.00137605 35.9802 -35.6506 -206.365 204.617 
-0.00137605 35.9833 -37.0331 -206.185 204.432 
-0.00137605 35.2844 -34.967 -206.008 204.257 
-0.00137605 37.3596 -35.6506 -205.822 204.079 
-0.00137605 35.2814 -34.9701 -205.645 203.904 
-0.00137605 33.8959 -32.2174 -205.476 203.743 
-0.00137605 29.068 -30.1788 -205.33 203.592 
-0.00137605 26.9836 -26.7395 -205.195 203.459 
-0.00137605 24.9176 -27.4384 -205.071 203.322 
-0.00137605 26.9653 -22.6074 -204.936 203.208 
-0.00137605 26.2939 -27.4292 -204.805 203.071 
-0.00137605 26.9928 -28.1219 -204.67 202.931 
-0.00137605 30.4352 -28.7872 -204.517 202.787 
-0.00137605 33.902 -33.5968 -204.348 202.619 
-0.00137605 34.5886 -32.9102 -204.175 202.454 
-0.00137605 35.2875 -34.9701 -203.999 202.279 
-0.00137605 35.9772 -35.6537 -203.819 202.101 
-0.00137605 35.2936 -36.3434 -203.642 201.919 
-0.00137605 39.4226 -36.3281 -203.445 201.738 
-0.00137605 38.7512 -39.7766 -203.251 201.539 
-0.00137605 44.9738 -44.5648 -203.026 201.316 
-0.00137605 51.1902 -49.3591 -202.771 201.069 
-0.00137605 56.0425 -55.542 -202.49 200.792 
-0.00137605 58.1207 -57.5958 -202.2 200.504 
-0.00137605 61.5784 -61.0229 -201.892 200.198 
-0.00137605 62.2742 -63.0859 -201.58 199.883 
-0.00137605 60.8795 -58.963 -201.276 199.588 
-0.00137605 61.5784 -61.0229 -200.968 199.283 
-0.00137605 58.8074 -58.2825 -200.674 198.992 
-0.00137605 60.1898 -58.2733 -200.373 198.7 
-0.00137605 61.5753 -61.026 -200.065 198.395 
-0.00137605 62.2742 -63.0859 -199.754 198.08 
-0.00137605 67.1082 -65.1306 -199.418 197.754 
-0.00137605 68.4875 -66.4978 -199.076 197.422 
-0.00137605 71.2738 -72.0062 -198.72 197.062 
-0.00137605 69.1925 -69.9432 -198.374 196.712 
-0.00137605 72.6318 -69.2383 -198.01 196.366 
-0.00137605 68.4967 -67.8802 -197.668 196.026 
-0.00137605 67.1234 -67.8864 -197.332 195.687 
-0.00137605 65.0269 -63.0737 -197.007 195.371 
-0.00137605 61.5845 -62.4023 -196.699 195.059 
-0.00137605 60.8795 -58.963 -196.395 194.765 
-0.00137605 58.1177 -57.5928 -196.104 194.477 
-0.00137605 58.1207 -57.5958 -195.814 194.189 
-0.00137605 55.3467 -54.8523 -195.537 193.914 
-0.00137605 51.8951 -51.4252 -195.278 193.657 
-0.00137605 45.6635 -45.2545 -195.049 193.431 
-0.00137605 41.51 -41.1377 -194.842 193.225 
-0.00137605 35.9772 -35.6537 -194.662 193.047 
-0.00137605 30.4413 -28.7933 -194.51 192.903 
-0.00137605 28.3691 -29.4861 -194.368 192.756 
-0.00137605 23.5199 -21.9391 -194.25 192.646 
-0.00137605 19.3695 -19.1925 -194.153 192.55 
-0.00137605 15.918 -17.1509 -194.074 192.464 
-0.00137605 16.5985 -15.0787 -193.991 192.389 
-0.00137605 14.5355 -14.4012 -193.918 192.317 
-0.00137605 11.7645 -13.0341 -193.859 192.252 
-0.00137605 11.7554 -10.2783 -193.8 192.2 
-0.00137605 9.69238 -10.9741 -193.752 192.145 
-0.00137605 6.93054 -8.23669 -193.717 192.104 
-0.00137605 7.59888 -6.16455 -193.679 192.073 
-0.00137605 5.53589 -5.48096 -193.652 192.046 
-0.00137605 5.52979 -4.11377 -193.624 192.025 
-0.00137605 3.46069 -3.42407 -193.607 192.008 
-0.00137605 2.0752 -2.05688 -193.596 191.998 
-0.00137605 0.698853 -2.06604 -193.593 191.988 
-0.00137605 -0.00915527 1.38245 -193.593 191.995 
-0.000102216 -1.37939 -1.2146 -193.6 191.989 
-0.000102216 -0.695801 2.06299 -193.603 191.999 
-0.000102216 -1.37634 -0.00915527 -193.61 191.999 
-0.000102216 -0.698853 2.05994 -193.614 192.009 
-0.000102216 -2.771 2.74658 -193.627 192.023 
-0.000102216 -0.680542 -0.692749 -193.631 192.019 
-0.000102216 -1.38245 1.37024 -193.638 192.026 
-0.000102216 1.37329 0.00610352 -193.631 192.026 
-0.000102216 -0.686646 -0.686646 -193.634 192.023 
-0.000102216 2.07214 -0.686646 -193.624 192.019 
-0.000102216 0.686646 -0.680542 -193.621 192.016 
-0.000102216 0.689697 0.689697 -193.617 192.019 
-0.000102216 0.698853 -2.06604 -193.614 192.009 
-0.000102216 0.00610352 -1.37329 -193.614 192.002 
-0.000102216 0 0 -193.614 192.002 
-0.000102216 -0.692749 0.686646 -193.617 192.006 
-0.000102216 0.67749 2.06909 -193.614 192.016 
-0.000102216 -0.683594 -0.695801 -193.617 192.013 
-0.000102216 0.683594 0.695801 -193.614 192.016 
-0.000102216 -0.683594 -0.695801 -193.617 192.013 
-0.000102216 -1.37634 -0.00305176 -193.624 192.013 
-0.000102216 0 0 -193.624 192.013 
-0.000102216 0.680542 0.692749 -193.621 192.016 
-0.000102216 -0.680542 -0.692749 -193.624 192.013 
-0.000102216 0.680542 0.692749 -193.621 192.016 
-0.000102216 0.695801 -0.689697 -193.617 192.013 
-0.000102216 -0.683594 -0.689697 -193.62 192.009 
-0.000102216 0.683594 0.689697 -193.617 192.013 
-0.000102216 0.692749 -0.686646 -193.614 192.009 
-0.000102216 -1.37634 -0.00305176 -193.62 192.009 
-0.000102216 0.683594 0.689697 -193.617 192.013 
-0.000102216 1.37634 0.00915527 -193.61 192.013 
-0.000102216 -2.05994 -0.698853 -193.62 192.009 
-0.000102216 2.76489 -2.74048 -193.607 191.995 
-0.000102216 11.0657 -9.59473 -193.551 191.947 
-0.000102216 15.918 -17.1448 -193.472 191.862 
-0.000102216 23.526 -23.3124 -193.354 191.745 
-0.000102216 38.0524 -36.3373 -193.164 191.563 
-0.000102216 53.9642 -53.4821 -192.894 191.296 
-0.000102216 65.036 -64.444 -192.569 190.974 
-0.000102216 74.7253 -74.054 -192.195 190.604 
-0.000102216 83.0261 -82.2754 -191.78 190.192 
-0.000102216 87.8723 -87.0789 -191.341 189.757 
-0.000102216 92.7155 -91.8732 -190.877 189.297 
-0.000102216 96.8597 -94.6136 -190.393 188.824 
-0.000102216 97.5586 -98.053 -189.905 188.334 
-0.000102216 98.2513 -97.3602 -189.414 187.847 
-0.000102216 94.7876 -93.9331 -188.94 187.378 
-0.000102216 94.7906 -93.9362 -188.466 186.908 
-0.000102216 96.8567 -93.2373 -187.982 186.442 
-0.000102216 95.4926 -97.3724 -187.504 185.955 
-0.000102216 95.4773 -94.6167 -187.027 185.482 
-0.000102216 95.4895 -95.9961 -186.549 185.002 
-0.000102216 96.167 -93.927 -186.068 184.532 
-0.000102216 92.0227 -91.1926 -185.608 184.076 
-0.000102216 89.9506 -89.1327 -185.159 183.631 
-0.000102216 83.0261 -82.2815 -184.743 183.219 
-0.000102216 79.5685 -78.8483 -184.346 182.825 
-0.000102216 71.9604 -72.6807 -183.986 182.462 
-0.000102216 66.4215 -65.8234 -183.654 182.132 
-0.000102216 60.8887 -60.3333 -183.349 181.831 
-0.000102216 55.3436 -53.476 -183.073 181.563 
-0.000102216 49.1333 -50.061 -182.827 181.313 
-0.000102216 45.6512 -42.4957 -182.599 181.101 
-0.000102216 39.447 -40.4602 -182.401 180.898 
-0.000102216 35.2875 -36.3434 -182.225 180.717 
-0.000102216 32.5226 -32.2235 -182.062 180.555 
-0.000102216 30.4382 -28.7964 -181.91 180.411 
-0.000102216 29.0558 -28.7933 -181.765 180.268 
-0.000102216 25.6073 -26.7487 -181.637 180.134 
-0.000102216 23.526 -23.3124 -181.519 180.017 
-0.000102216 23.5199 -21.933 -181.402 179.908 
-0.000102216 17.9962 -19.2047 -181.312 179.812 
-0.000102216 19.3695 -19.1986 -181.215 179.716 
-0.000102216 15.9149 -15.7684 -181.135 179.637 
-0.000102216 13.8367 -13.7146 -181.066 179.568 
-0.000102216 13.8336 -12.3322 -180.997 179.506 
-0.000102216 10.3821 -11.6638 -180.945 179.448 
-0.000102216 8.30688 -8.22754 -180.903 179.407 
-0.000102216 4.84314 -4.80042 -180.879 179.383 
-0.000102216 6.21033 -3.41492 -180.848 179.366 
-0.000102216 1.39771 -4.12598 -180.841 179.345 
-0.000102216 3.45459 -2.05078 -180.824 179.335 
-0.000102216 0.00610352 -1.37939 -180.824 179.328 
-0.000102216 0 0 -180.824 179.328 
-0.000102216 -0.698853 2.06604 -180.827 179.338 
-0.000102216 -3.45154 2.04773 -180.845 179.349 
-0.000102216 -2.07825 2.05994 -180.855 179.359 
-0.000102216 -2.07214 2.05383 -180.865 179.369 
-0.000102216 -2.07825 2.05994 -180.876 179.38 
-0.000102216 -2.0752 2.05688 -180.886 179.39 
-0.000102216 -0.692749 0.686646 -180.89 179.393 
-0.000102216 -2.07214 2.05383 -180.9 179.404 
-0.000102216 0 0 -180.9 179.404 
-0.000102216 0.689697 -0.683594 -180.897 179.4 
-0.000102216 0 0 -180.897 179.4 
-0.000102216 1.37634 0.00305176 -180.89 179.4 
-0.000102216 -1.37634 -0.00305176 -180.897 179.4 
-0.000102216 0.692749 -0.686646 -180.893 179.397 
-0.000102216 1.38245 -1.37024 -180.886 179.39 
-0.000102216 1.3855 -1.37329 -180.879 179.383 
-0.000102216 -0.692749 0.686646 -180.883 179.386 
-0.000102216 0.692749 -0.686646 -180.879 179.383 
-0.000102216 -0.692749 0.686646 -180.883 179.386 
-0.000102216 0 0 -180.883 179.386 
-0.000102216 0 0 -180.883 179.386 
-0.000102216 -0.692749 0.686646 -180.886 179.39 
-0.000102216 -0.692749 0.686646 -180.89 179.393 
-0.000102216 0.686646 0.686646 -180.886 179.397 
-0.000102216 -1.37634 -0.00305176 -180.893 179.397 
-0.000102216 0.689697 -0.683594 -180.89 179.393 
-0.000102216 0 0 -180.89 179.393 
-0.000102216 0.692749 -0.686646 -180.886 179.39 
-0.000102216 0.683594 0.689697 -180.883 179.393 
-0.000102216 -0.683594 -0.689697 -180.886 179.39 
-0.000102216 -0.692749 0.686646 -180.89 179.393 
-0.000102216 1.37634 0.00305176 -180.883 179.393 
-0.000102216 -1.37634 -0.00305176 -180.89 179.393 
-0.000102216 4.84619 -4.80347 -180.865 179.369 
-0.000102216 15.9119 -15.7715 -180.786 179.29 
-0.000102216 27.6733 -27.4231 -180.647 179.153 
-0.000102216 40.8173 -39.0717 -180.443 178.958 
-0.000102216 56.0516 -56.9183 -180.163 178.673 
-0.000102216 73.3398 -72.6807 -179.796 178.31 
-0.000102216 87.1765 -86.3892 -179.361 177.878 
-0.000102216 96.8719 -97.3663 -178.876 177.391 
-0.000102216 107.938 -106.961 -178.336 176.856 
-0.000102216 118.307 -115.866 -177.745 176.277 
-0.000102216 130.084 -130.28 -177.095 175.626 
-0.000102216 136.99 -135.757 -176.41 174.947 
-0.000102216 145.3 -143.988 -175.683 174.227 
-0.000102216 149.457 -149.475 -174.936 173.48 
-0.000102216 148.758 -147.415 -174.192 172.742 
-0.000102216 139.761 -138.498 -173.493 172.05 
-0.000102216 130.783 -132.346 -172.839 171.388 
-0.000102216 128 -126.84 -172.199 170.754 
-0.000102216 125.232 -124.103 -171.573 170.134 
-0.000102216 119.006 -117.932 -170.978 169.544 
-0.000102216 112.787 -113.135 -170.414 168.978 
-0.000102216 111.392 -110.391 -169.857 168.426 
-0.000102216 103.094 -102.161 -169.342 167.915 
-0.000102216 94.8029 -96.6888 -168.868 167.432 
-0.000102216 88.5559 -86.3831 -168.425 167 
-0.000102216 81.6437 -80.9052 -168.017 166.596 
-0.000102216 71.9543 -71.3074 -167.657 166.239 
-0.000102216 65.0482 -65.8295 -167.332 165.91 
-0.000102216 61.5723 -59.6436 -167.024 165.612 
-0.000102216 59.5032 -58.9661 -166.726 165.317 
-0.000102216 56.0486 -56.9153 -166.446 165.032 
-0.000102216 56.0455 -55.5389 -166.166 164.755 
-0.000102216 53.9673 -53.479 -165.896 164.487 
-0.000102216 51.889 -51.4191 -165.637 164.23 
-0.000102216 51.1993 -50.7416 -165.381 163.976 
-0.000102216 49.1272 -48.6816 -165.135 163.733 
-0.000102216 47.7448 -48.6847 -164.896 163.49 
-0.000102216 46.3654 -47.3175 -164.664 163.253 
-0.000102216 45.6573 -43.8751 -164.436 163.034 
-0.000102216 44.2871 -45.2576 -164.215 162.807 
-0.000102216 43.5913 -43.1946 -163.997 162.591 
-0.000102216 40.8142 -39.0747 -163.793 162.396 
-0.000102216 41.5222 -42.5171 -163.585 162.183 
-0.000102216 37.3627 -37.027 -163.398 161.998 
-0.000102216 38.0524 -37.7106 -163.208 161.81 
-0.000102216 35.2936 -36.3434 -163.031 161.628 
-0.000102216 35.9741 -34.2773 -162.852 161.457 
-0.000102216 31.8359 -34.2957 -162.692 161.285 
-0.000102216 31.8207 -30.1605 -162.533 161.134 
-0.000102216 30.4535 -31.546 -162.381 160.977 
-0.000102216 29.0588 -28.7964 -162.236 160.833 
-0.000102216 28.3691 -28.1128 -162.094 160.692 
-0.000102216 27.6733 -27.4231 -161.956 160.555 
-0.000102216 25.6012 -25.3693 -161.828 160.428 
-0.000102216 22.8302 -22.6288 -161.713 160.315 
-0.000102216 23.5199 -21.933 -161.596 160.205 
-0.000102216 20.0653 -19.8822 -161.495 160.106 
-0.000102216 17.9932 -19.2078 -161.405 160.01 
-0.000102216 17.3004 -17.1417 -161.319 159.924 
-0.000102216 13.8367 -13.7085 -161.25 159.856 
-0.000102216 13.8367 -13.7146 -161.181 159.787 
-0.000102216 10.3851 -11.6608 -161.129 159.729 
-0.000102216 8.99048 -7.53784 -161.084 159.691 
-0.000102216 8.98743 -7.53479 -161.039 159.653 
-0.000102216 6.22864 -6.17371 -161.008 159.622 
-0.000102216 3.46985 -6.17981 -160.99 159.592 
-0.000102216 2.0752 -2.05688 -160.98 159.581 
-0.000102216 2.07214 -0.680542 -160.97 159.578 
-0.000102216 0 0 -160.97 159.578 
-0.000102216 -1.38855 1.37024 -160.977 159.585 
-0.000102216 -1.38245 1.37024 -160.983 159.592 
-0.000102216 -2.0752 2.05688 -160.994 159.602 
-0.000102216 -1.38855 2.74963 -161.001 159.616 
-0.000102216 -4.14734 2.73743 -161.021 159.629 
-0.000102216 -2.76489 2.74048 -161.035 159.643 
-0.000102216 -2.07825 2.05994 -161.046 159.653 
-0.000102216 -2.06909 0.67749 -161.056 159.657 
-0.000102216 -0.698853 2.06604 -161.06 159.667 
-0.000102216 4.84619 -4.80347 -161.035 159.643 
-0.000102216 15.2222 -15.0818 -160.959 159.568 
-0.000102216 26.3092 -30.191 -160.828 159.417 
-0.000102216 39.4318 -37.6984 -160.63 159.228 
-0.000102216 52.5726 -49.3561 -160.368 158.981 
-0.000102216 62.9669 -63.7726 -160.053 158.662 
-0.000102216 78.1799 -76.0986 -159.662 158.282 
-0.000102216 87.8754 -88.4552 -159.223 157.84 
-0.000102216 98.2483 -97.3633 -158.731 157.353 
-0.000102216 100.339 -102.17 -158.23 156.842 
-0.000102216 105.167 -104.221 -157.704 156.321 
-0.000102216 101.715 -102.167 -157.195 155.81 
-0.000102216 98.2513 -97.3602 -156.704 155.323 
-0.000102216 90.6433 -91.1987 -156.251 154.867 
-0.000102216 85.788 -83.6395 -155.822 154.449 
-0.000102216 82.3425 -82.9712 -155.41 154.034 
-0.000102216 80.2673 -80.9143 -155.009 153.63 
-0.000102216 77.4963 -78.1677 -154.621 153.239 
-0.000102216 78.8757 -78.1616 -154.227 152.848 
-0.000102216 76.7944 -74.7314 -153.843 152.474 
-0.000102216 73.3429 -72.6776 -153.476 152.111 
-0.000102216 69.1895 -68.5669 -153.13 151.768 
-0.000102216 62.2772 -63.0829 -152.819 151.453 
-0.000102216 58.1085 -56.2164 -152.528 151.172 
-0.000102216 52.594 -53.4851 -152.265 150.904 
-0.000102216 47.0459 -46.6248 -152.03 150.671 
-0.000102216 42.215 -43.2037 -151.819 150.455 
-0.000102216 38.7451 -38.3972 -151.625 150.263 
-0.000102216 34.5947 -34.2773 -151.452 150.092 
-0.000102216 32.5104 -30.8502 -151.29 149.937 
-0.000102216 26.9989 -29.4952 -151.155 149.79 
-0.000102216 28.3539 -25.3571 -151.013 149.663 
-0.000102216 25.6012 -25.3693 -150.885 149.536 
-0.000102216 22.8363 -24.0021 -150.771 149.416 
-0.000102216 22.1527 -23.3185 -150.66 149.3 
-0.000102216 21.4417 -19.8792 -150.553 149.2 
-0.000102216 19.3787 -20.575 -150.456 149.097 
-0.000102216 17.2974 -17.1387 -150.369 149.012 
-0.000102216 16.5985 -15.0787 -150.286 148.936 
-0.000102216 15.2191 -15.0848 -150.21 148.861 
-0.000102216 13.147 -13.0249 -150.145 148.796 
-0.000102216 13.147 -13.031 -150.079 148.731 
-0.000102216 11.0718 -10.968 -150.024 148.676 
-0.000102216 9.69238 -10.9802 -149.975 148.621 
-0.000102216 9.68018 -8.22144 -149.927 148.58 
-0.000102216 6.23169 -7.54395 -149.896 148.542 
-0.000102216 5.53589 -5.48706 -149.868 148.515 
-0.000102216 2.76184 -1.36414 -149.854 148.508 
-0.000102216 2.76794 -2.74353 -149.84 148.494 
-0.000102216 -0.686646 -0.692749 -149.844 148.491 
-0.000102216 -0.698853 2.06604 -149.847 148.501 
-0.000102216 -2.06909 0.67749 -149.857 148.504 
-0.000102216 -2.76794 2.74353 -149.871 148.518 
-0.000102216 -1.38855 2.74963 -149.878 148.532 
-0.000102216 -4.83704 3.42102 -149.902 148.549 
-0.000102216 -2.76794 2.74353 -149.916 148.563 
-0.000102216 -2.76794 2.74353 -149.93 148.576 
-0.000102216 -2.76489 2.74048 -149.944 148.59 
-0.000102216 -1.38855 1.37024 -149.951 148.597 
-0.000102216 -0.689697 0.683594 -149.954 148.6 
-0.000102216 -0.692749 0.686646 -149.958 148.604 
-0.000102216 0 0 -149.958 148.604 
-0.000102216 1.37939 0.00610352 -149.951 148.604 
-0.000102216 1.38245 -1.37024 -149.944 148.597 
-0.000102216 0.00915527 -1.37634 -149.944 148.59 
-0.000102216 0 0 -149.944 148.59 
-0.000102216 2.0752 -2.05688 -149.934 148.58 
-0.000102216 -0.00915527 1.37634 -149.934 148.587 
