0.00549022 -0.691962 0.685577 -0.00342697 -0.0295128 
0.00549022 1.38392 -1.37115 0.00349265 -0.0363686 
0.00549022 -1.38392 1.37115 -0.00342697 -0.0295128 
0.00549022 0 0 -0.00342697 -0.0295128 
0.00549022 2.06312 0.698348 0.00688861 -0.0260211 
0.00549022 -2.06312 -0.698348 -0.00342697 -0.0295128 
0.00549022 0 0 -0.00342697 -0.0295128 
0.00549022 0 0 -0.00342697 -0.0295128 
0.00549022 0 0 -0.00342697 -0.0295128 
0.00549022 0 0 -0.00342697 -0.0295128 
0.00549022 0 0 -0.00342697 -0.0295128 
0.00549022 0.691962 -0.685577 3.28429e-05 -0.0329407 
0.00549022 -0.691962 0.685577 -0.00342697 -0.0295128 
0.00549022 0.691962 -0.685577 3.28429e-05 -0.0329407 
0.00549022 -0.691962 0.685577 -0.00342697 -0.0295128 
0.00549022 0.691962 -0.685577 3.28429e-05 -0.0329407 
0.00549022 -0.691962 0.685577 -0.00342697 -0.0295128 
0.00549022 -0.685577 -0.691962 -0.00685485 -0.0329726 
0.00549022 1.37754 0.00638515 3.28429e-05 -0.0329407 
0.00549022 -0.685577 -0.691962 -0.00339504 -0.0364005 
0.00549022 -0.698348 2.06312 -0.00688678 -0.0260849 
0.00549022 0.691962 -0.685577 -0.00342697 -0.0295128 
0.00549022 0 0 -0.00342697 -0.0295128 
0.00549022 0 0 -0.00342697 -0.0295128 
0.00549022 0.691962 -0.685577 3.28429e-05 -0.0329407 
0.00549022 0 0 3.28429e-05 -0.0329407 
0.00549022 0.691962 -0.685577 0.00349265 -0.0363686 
0.00549022 -0.691962 0.685577 3.28429e-05 -0.0329407 
0.00549022 0 0 3.28429e-05 -0.0329407 
0.00549022 -0.691962 0.685577 -0.00342697 -0.0295128 
0.00549022 0 0 -0.00342697 -0.0295128 
0.00549022 -0.691962 0.685577 -0.00688678 -0.0260849 
0.00549022 0.691962 -0.685577 -0.00342697 -0.0295128 
0.00549022 0 0 -0.00342697 -0.0295128 
0.00549022 0.691962 -0.685577 3.28429e-05 -0.0329407 
0.00549022 0.685577 0.691962 0.00346073 -0.0294809 
0.00549022 0 0 0.00346073 -0.0294809 
0.00549022 -0.685577 -0.691962 3.28429e-05 -0.0329407 
0.00549022 1.37115 1.38392 0.00688861 -0.0260211 
0.00549022 -1.37754 -0.00638552 9.15214e-07 -0.026053 
0.00549022 -0.685577 -0.691962 -0.00342697 -0.0295128 
0.00549022 1.37754 0.00638515 0.00346073 -0.0294809 
0.00549022 -0.685577 -0.691962 3.28429e-05 -0.0329407 
0.00549022 -0.691962 0.685577 -0.00342697 -0.0295128 
0.00549022 0 0 -0.00342697 -0.0295128 
0.00549022 0 0 -0.00342697 -0.0295128 
0.00549022 0 0 -0.00342697 -0.0295128 
0.00549022 1.38392 -1.37115 0.00349265 -0.0363686 
0.00549022 -1.38392 1.37115 -0.00342697 -0.0295128 
0.00549022 0.00638552 -1.37754 -0.00339504 -0.0364005 
0.00549022 0.685577 0.691962 3.28429e-05 -0.0329407 
0.00549022 0.691962 -0.685577 0.00349265 -0.0363686 
0.00549022 -1.38392 1.37115 -0.00342697 -0.0295128 
0.00549022 0.691962 -0.685577 3.28429e-05 -0.0329407 
0.00549022 -0.691962 0.685577 -0.00342697 -0.0295128 
0.00549022 0 0 -0.00342697 -0.0295128 
0.00549022 0 0 -0.00342697 -0.0295128 
0.00549022 0.691962 -0.685577 3.28429e-05 -0.0329407 
0.00549022 0 0 3.28429e-05 -0.0329407 
0.00549022 -0.691962 0.685577 -0.00342697 -0.0295128 
0.00549022 0 0 -0.00342697 -0.0295128 
0.00549022 0 0 -0.00342697 -0.0295128 
0.00549022 0 0 -0.00342697 -0.0295128 
0.00549022 0.691962 -0.685577 3.28429e-05 -0.0329407 
0.00549022 -0.691962 0.685577 -0.00342697 -0.0295128 
0.00549022 0.685577 0.691962 9.15214e-07 -0.026053 
0.00549022 -0.685577 -0.691962 -0.00342697 -0.0295128 
0.00549022 0.691962 -0.685577 3.28429e-05 -0.0329407 
0.00549022 -2.0695 0.679192 -0.0103147 -0.0295447 
0.00549022 2.76146 -1.36477 0.00349265 -0.0363686 
0.00549022 -0.691962 0.685577 3.28429e-05 -0.0329407 
0.00549022 -0.691962 0.685577 -0.00342697 -0.0295128 
0.00549022 2.06312 0.698348 0.00688861 -0.0260211 
0.00549022 -2.06312 -0.698348 -0.00342697 -0.0295128 
0.00549022 0 0 -0.00342697 -0.0295128 
0.00549022 0 0 -0.00342697 -0.0295128 
0.00549022 1.38392 -1.37115 0.00349265 -0.0363686 
0.00549022 -0.691962 0.685577 3.28429e-05 -0.0329407 
0.00549022 -0.691962 0.685577 -0.00342697 -0.0295128 
0.00549022 0.691962 -0.685577 3.28429e-05 -0.0329407 
0.00549022 -0.691962 0.685577 -0.00342697 -0.0295128 
0.00549022 0 0 -0.00342697 -0.0295128 
0.00549022 0 0 -0.00342697 -0.0295128 
0.00549022 0.691962 -0.685577 3.28429e-05 -0.0329407 
0.00549022 -0.691962 0.685577 -0.00342697 -0.0295128 
0.00549022 0 0 -0.00342697 -0.0295128 
0.00549022 0 0 -0.00342697 -0.0295128 
0.00549022 0.691962 -0.685577 3.28429e-05 -0.0329407 
0.00549022 -0.691962 0.685577 -0.00342697 -0.0295128 
0.00549022 0 0 -0.00342697 -0.0295128 
0.00549022 0.691962 -0.685577 3.28429e-05 -0.0329407 
0.00549022 -0.691962 0.685577 -0.00342697 -0.0295128 
0.00549022 0.685577 0.691962 9.15214e-07 -0.026053 
0.00549022 -1.37754 -0.00638552 -0.00688678 -0.0260849 
0.00549022 1.38392 -1.37115 3.28429e-05 -0.0329407 
0.00549022 -0.691962 0.685577 -0.00342697 -0.0295128 
0.00549022 0.691962 -0.685577 3.28429e-05 -0.0329407 
0.00549022 -0.691962 0.685577 -0.00342697 -0.0295128 
0.00549022 0.691962 -0.685577 3.28429e-05 -0.0329407 
0.00549022 0 0 3.28429e-05 -0.0329407 
0.00549022 -0.691962 0.685577 -0.00342697 -0.0295128 
0.00549022 0 0 -0.00342697 -0.0295128 
0.00549022 0 0 -0.00342697 -0.0295128 
0.00549022 0 0 -0.00342697 -0.0295128 
0.00549022 0 0 -0.00342697 -0.0295128 
0.00549022 0 0 -0.00342697 -0.0295128 
0.00549022 0.685577 0.691962 9.15214e-07 -0.026053 
0.00549022 0 0 9.15214e-07 -0.026053 
0.00549022 -0.685577 -0.691962 -0.00342697 -0.0295128 
0.00549022 0.691962 -0.685577 3.28429e-05 -0.0329407 
0.00549022 0 0 3.28429e-05 -0.0329407 
0.00549022 0 0 3.28429e-05 -0.0329407 
0.00549022 -0.691962 0.685577 -0.00342697 -0.0295128 
0.00549022 0 0 -0.00342697 -0.0295128 
0.00549022 0 0 -0.00342697 -0.0295128 
0.00549022 0 0 -0.00342697 -0.0295128 
0.00549022 0 0 -0.00342697 -0.0295128 
0.00549022 0 0 -0.00342697 -0.0295128 
0.00549022 0.691962 -0.685577 3.28429e-05 -0.0329407 
0.00549022 -0.691962 0.685577 -0.00342697 -0.0295128 
0.00549022 0 0 -0.00342697 -0.0295128 
0.00549022 0 0 -0.00342697 -0.0295128 
0.00549022 1.37754 0.00638515 0.00346073 -0.0294809 
0.00549022 -1.37754 -0.00638515 -0.00342697 -0.0295128 
0.00549022 0 0 -0.00342697 -0.0295128 
0.00549022 0.691962 -0.685577 3.28429e-05 -0.0329407 
0.00549022 -0.691962 0.685577 -0.00342697 -0.0295128 
0.00549022 0.691962 -0.685577 3.28429e-05 -0.0329407 
0.00549022 0 0 3.28429e-05 -0.0329407 
0.00549022 0 0 3.28429e-05 -0.0329407 
0.00549022 -0.691962 0.685577 -0.00342697 -0.0295128 
0.00549022 0 0 -0.00342697 -0.0295128 
0.00549022 0.691962 -0.685577 3.28429e-05 -0.0329407 
0.00549022 0 0 3.28429e-05 -0.0329407 
0.00549022 0 0 3.28429e-05 -0.0329407 
0.00549022 -0.691962 0.685577 -0.00342697 -0.0295128 
0.00549022 0.691962 -0.685577 3.28429e-05 -0.0329407 
0.00549022 0 0 3.28429e-05 -0.0329407 
0.00549022 -0.691962 0.685577 -0.00342697 -0.0295128 
0.00549022 0.691962 -0.685577 3.28429e-05 -0.0329407 
0.00549022 0 0 3.28429e-05 -0.0329407 
0.00549022 -0.691962 0.685577 -0.00342697 -0.0295128 
0.00549022 1.38392 -1.37115 0.00349265 -0.0363686 
0.00549022 -0.691962 0.685577 3.28429e-05 -0.0329407 
0.00549022 -0.691962 0.685577 -0.00342697 -0.0295128 
0.00549022 0 0 -0.00342697 -0.0295128 
0.00549022 0 0 -0.00342697 -0.0295128 
0.00549022 0 0 -0.00342697 -0.0295128 
0.00549022 0.691962 -0.685577 3.28429e-05 -0.0329407 
0.00549022 -0.691962 0.685577 -0.00342697 -0.0295128 
0.00549022 0 0 -0.00342697 -0.0295128 
0.00549022 0 0 -0.00342697 -0.0295128 
0.00549022 0.685577 0.691962 9.15214e-07 -0.026053 
0.00549022 -0.685577 -0.691962 -0.00342697 -0.0295128 
0.00549022 1.37754 0.00638515 0.00346073 -0.0294809 
0.00549022 -0.691962 0.685577 9.15214e-07 -0.026053 
0.00549022 -0.685577 -0.691962 -0.00342697 -0.0295128 
0.00549022 0 0 -0.00342697 -0.0295128 
0.00549022 0.691962 -0.685577 3.28429e-05 -0.0329407 
0.00549022 0.685577 0.691962 0.00346073 -0.0294809 
0.00549022 -0.685577 -0.691962 3.28429e-05 -0.0329407 
0.00549022 -0.691962 0.685577 -0.00342697 -0.0295128 
0.00549022 0.691962 -0.685577 3.28429e-05 -0.0329407 
0.00549022 0 0 3.28429e-05 -0.0329407 
0.00549022 -0.00638554 1.37754 9.15214e-07 -0.026053 
0.00549022 -0.685577 -0.691962 -0.00342697 -0.0295128 
0.00549022 0.691962 -0.685577 3.28429e-05 -0.0329407 
0.00549022 0 0 3.28429e-05 -0.0329407 
0.00549022 0.685577 0.691962 0.00346073 -0.0294809 
0.00549022 -1.37754 -0.00638515 -0.00342697 -0.0295128 
0.00549022 1.37754 0.00638515 0.00346073 -0.0294809 
0.00549022 -1.37754 -0.00638515 -0.00342697 -0.0295128 
0.00549022 0 0 -0.00342697 -0.0295128 
0.00549022 0.691962 -0.685577 3.28429e-05 -0.0329407 
0.00549022 -0.691962 0.685577 -0.00342697 -0.0295128 
0.00549022 0 0 -0.00342697 -0.0295128 
0.00549022 0.691962 -0.685577 3.28429e-05 -0.0329407 
0.00549022 0 0 3.28429e-05 -0.0329407 
0.00549022 0 0 3.28429e-05 -0.0329407 
0.00549022 -0.691962 0.685577 -0.00342697 -0.0295128 
0.00549022 0 0 -0.00342697 -0.0295128 
0.00549022 -0.691962 0.685577 -0.00688678 -0.0260849 
0.00549022 0.691962 -0.685577 -0.00342697 -0.0295128 
0.00549022 0.685577 0.691962 9.15214e-07 -0.026053 
0.00549022 -0.685577 -0.691962 -0.00342697 -0.0295128 
0.00549022 0.691962 -0.685577 3.28429e-05 -0.0329407 
0.00549022 0.691962 -0.685577 0.00349265 -0.0363686 
0.00549022 -1.38392 1.37115 -0.00342697 -0.0295128 
0.00549022 0 0 -0.00342697 -0.0295128 
0.00549022 0.691962 -0.685577 3.28429e-05 -0.0329407 
0.00549022 -0.691962 0.685577 -0.00342697 -0.0295128 
0.00549022 1.38392 -1.37115 0.00349265 -0.0363686 
0.00549022 -1.38392 1.37115 -0.00342697 -0.0295128 
0.00549022 0.691962 -0.685577 3.28429e-05 -0.0329407 
0.00549022 -0.691962 0.685577 -0.00342697 -0.0295128 
0.00549022 0 0 -0.00342697 -0.0295128 
0.00549022 0.691962 -0.685577 3.28429e-05 -0.0329407 
0.00549022 -0.691962 0.685577 -0.00342697 -0.0295128 
0.00549022 0.691962 -0.685577 3.28429e-05 -0.0329407 
0.00549022 0.685577 0.691962 0.00346073 -0.0294809 
0.00549022 -1.37754 -0.00638515 -0.00342697 -0.0295128 
0.00549022 0 0 -0.00342697 -0.0295128 
0.00549022 0.685577 0.691962 9.15214e-07 -0.026053 
0.00549022 -0.685577 -0.691962 -0.00342697 -0.0295128 
0.00549022 1.37754 0.00638515 0.00346073 -0.0294809 
0.00549022 -1.37754 -0.00638515 -0.00342697 -0.0295128 
0.00549022 0 0 -0.00342697 -0.0295128 
0.00549022 0 0 -0.00342697 -0.0295128 
0.00549022 0.691962 -0.685577 3.28429e-05 -0.0329407 
0.00549022 -0.691962 0.685577 -0.00342697 -0.0295128 
0.00549022 1.37115 1.38392 0.0034288 -0.0225932 
0.00549022 -1.37115 -1.38392 -0.00342697 -0.0295128 
0.00549022 0.691962 -0.685577 3.28429e-05 -0.0329407 
0.00549022 -0.691962 0.685577 -0.00342697 -0.0295128 
0.00549022 0 0 -0.00342697 -0.0295128 
0.00549022 0.691962 -0.685577 3.28429e-05 -0.0329407 
0.00549022 -0.691962 0.685577 -0.00342697 -0.0295128 
0.00549022 0.691962 -0.685577 3.28429e-05 -0.0329407 
0.00549022 -0.00638554 1.37754 9.15214e-07 -0.026053 
0.00549022 0.691962 -0.685577 0.00346073 -0.0294809 
0.00549022 -1.37754 -0.00638515 -0.00342697 -0.0295128 
0.00549022 0.691962 -0.685577 3.28429e-05 -0.0329407 
0.00549022 0 0 3.28429e-05 -0.0329407 
0.00549022 -0.691962 0.685577 -0.00342697 -0.0295128 
0.00549022 0 0 -0.00342697 -0.0295128 
0.00549022 0.691962 -0.685577 3.28429e-05 -0.0329407 
0.00549022 -0.691962 0.685577 -0.00342697 -0.0295128 
0.00549022 0.691962 -0.685577 3.28429e-05 -0.0329407 
0.00549022 0.685577 0.691962 0.00346073 -0.0294809 
0.00549022 -0.685577 -0.691962 3.28429e-05 -0.0329407 
0.00549022 -0.00638554 1.37754 9.15214e-07 -0.026053 
0.00549022 -0.685577 -0.691962 -0.00342697 -0.0295128 
0.00549022 0.691962 -0.685577 3.28429e-05 -0.0329407 
0.00549022 -0.691962 0.685577 -0.00342697 -0.0295128 
0.00549022 0 0 -0.00342697 -0.0295128 
0.00549022 0 0 -0.00342697 -0.0295128 
0.00549022 0.691962 -0.685577 3.28429e-05 -0.0329407 
0.00549022 0 0 3.28429e-05 -0.0329407 
0.00549022 -0.691962 0.685577 -0.00342697 -0.0295128 
0.00549022 0 0 -0.00342697 -0.0295128 
0.00549022 0 0 -0.00342697 -0.0295128 
0.00549022 0 0 -0.00342697 -0.0295128 
0.00549022 0 0 -0.00342697 -0.0295128 
0.00549022 0 0 -0.00342697 -0.0295128 
0.00549022 0.691962 -0.685577 3.28429e-05 -0.0329407 
0.00549022 0.685577 0.691962 0.00346073 -0.0294809 
0.00549022 -0.685577 -0.691962 3.28429e-05 -0.0329407 
0.00549022 -0.691962 0.685577 -0.00342697 -0.0295128 
0.00549022 0 0 -0.00342697 -0.0295128 
0.00549022 0.685577 0.691962 9.15214e-07 -0.026053 
0.00549022 -0.685577 -0.691962 -0.00342697 -0.0295128 
0.00549022 0 0 -0.00342697 -0.0295128 
0.00549022 0.691962 -0.685577 3.28429e-05 -0.0329407 
0.00549022 -0.691962 0.685577 -0.00342697 -0.0295128 
0.00549022 0 0 -0.00342697 -0.0295128 
0.00549022 0 0 -0.00342697 -0.0295128 
0.00549022 0 0 -0.00342697 -0.0295128 
0.00549022 0.691962 -0.685577 3.28429e-05 -0.0329407 
0.00549022 -0.00638554 1.37754 9.15214e-07 -0.026053 
0.00549022 0.00638554 -1.37754 3.28429e-05 -0.0329407 
0.00549022 -0.00638554 1.37754 9.15214e-07 -0.026053 
0.00549022 0.00638554 -1.37754 3.28429e-05 -0.0329407 
0.00549022 1.37115 1.38392 0.00688861 -0.0260211 
0.00549022 -2.06312 -0.698348 -0.00342697 -0.0295128 
0.00549022 0 0 -0.00342697 -0.0295128 
0.00549022 0.691962 -0.685577 3.28429e-05 -0.0329407 
0.00549022 -0.691962 0.685577 -0.00342697 -0.0295128 
0.00549022 0 0 -0.00342697 -0.0295128 
0.00549022 0 0 -0.00342697 -0.0295128 
0.00549022 0 0 -0.00342697 -0.0295128 
0.00549022 0 0 -0.00342697 -0.0295128 
0.00549022 0 0 -0.00342697 -0.0295128 
0.00549022 2.0695 -0.679191 0.00692054 -0.0329088 
0.00549022 -2.0695 0.679191 -0.00342697 -0.0295128 
0.00549022 0.691962 -0.685577 3.28429e-05 -0.0329407 
0.00549022 -0.691962 0.685577 -0.00342697 -0.0295128 
0.00549022 0.691962 -0.685577 3.28429e-05 -0.0329407 
0.00549022 -0.691962 0.685577 -0.00342697 -0.0295128 
0.00549022 0.691962 -0.685577 3.28429e-05 -0.0329407 
0.00549022 -0.691962 0.685577 -0.00342697 -0.0295128 
0.00549022 0 0 -0.00342697 -0.0295128 
0.00549022 1.38392 -1.37115 0.00349265 -0.0363686 
0.00549022 -1.38392 1.37115 -0.00342697 -0.0295128 
0.00549022 0.691962 -0.685577 3.28429e-05 -0.0329407 
0.00549022 0 0 3.28429e-05 -0.0329407 
0.00549022 -0.691962 0.685577 -0.00342697 -0.0295128 
0.00549022 0 0 -0.00342697 -0.0295128 
0.00549022 0 0 -0.00342697 -0.0295128 
0.00549022 0.691962 -0.685577 3.28429e-05 -0.0329407 
0.00549022 0 0 3.28429e-05 -0.0329407 
0.00549022 -0.691962 0.685577 -0.00342697 -0.0295128 
0.00549022 0.691962 -0.685577 3.28429e-05 -0.0329407 
0.00549022 -0.691962 0.685577 -0.00342697 -0.0295128 
0.00549022 0 0 -0.00342697 -0.0295128 
0.00549022 0 0 -0.00342697 -0.0295128 
0.00549022 0.691962 -0.685577 3.28429e-05 -0.0329407 
0.00549022 0 0 3.28429e-05 -0.0329407 
0.00549022 0 0 3.28429e-05 -0.0329407 
0.00549022 -0.691962 0.685577 -0.00342697 -0.0295128 
0.00549022 1.37754 0.00638515 0.00346073 -0.0294809 
0.00549022 -0.685577 -0.691962 3.28429e-05 -0.0329407 
0.00549022 0 0 3.28429e-05 -0.0329407 
0.00549022 -1.38392 1.37115 -0.00688678 -0.0260849 
0.00549022 1.38392 -1.37115 3.28429e-05 -0.0329407 
0.00549022 0.685577 0.691962 0.00346073 -0.0294809 
0.00549022 -1.37754 -0.00638515 -0.00342697 -0.0295128 
0.00549022 0.691962 -0.685577 3.28429e-05 -0.0329407 
0.00549022 -0.685577 -0.691962 -0.00339504 -0.0364005 
0.00549022 -0.00638552 1.37754 -0.00342697 -0.0295128 
0.00549022 1.37115 1.38392 0.0034288 -0.0225932 
0.00549022 -1.37115 -1.38392 -0.00342697 -0.0295128 
0.00549022 0 0 -0.00342697 -0.0295128 
0.00549022 0 0 -0.00342697 -0.0295128 
0.00549022 0.691962 -0.685577 3.28429e-05 -0.0329407 
0.00549022 -0.691962 0.685577 -0.00342697 -0.0295128 
0.00549022 0 0 -0.00342697 -0.0295128 
0.00549022 0.691962 -0.685577 3.28429e-05 -0.0329407 
0.00549022 0 0 3.28429e-05 -0.0329407 
0.00549022 -0.00638554 1.37754 9.15214e-07 -0.026053 
0.00549022 0.0127711 -2.75508 6.47705e-05 -0.0398284 
0.00549022 -0.00638552 1.37754 3.28429e-05 -0.0329407 
0.00549022 0 0 3.28429e-05 -0.0329407 
0.00549022 -0.691962 0.685577 -0.00342697 -0.0295128 
0.00549022 1.38392 -1.37115 0.00349265 -0.0363686 
0.00549022 -1.38392 1.37115 -0.00342697 -0.0295128 
0.00549022 0.691962 -0.685577 3.28429e-05 -0.0329407 
0.00549022 0 0 3.28429e-05 -0.0329407 
0.00549022 -0.691962 0.685577 -0.00342697 -0.0295128 
0.00549022 0 0 -0.00342697 -0.0295128 
0.00549022 0.691962 -0.685577 3.28429e-05 -0.0329407 
0.00549022 -0.691962 0.685577 -0.00342697 -0.0295128 
0.00549022 0.691962 -0.685577 3.28429e-05 -0.0329407 
0.00549022 0 0 3.28429e-05 -0.0329407 
0.00549022 -0.691962 0.685577 -0.00342697 -0.0295128 
0.00549022 0 0 -0.00342697 -0.0295128 
0.00549022 0.691962 -0.685577 3.28429e-05 -0.0329407 
0.00549022 0 0 3.28429e-05 -0.0329407 
0.00549022 0 0 3.28429e-05 -0.0329407 
0.00549022 -0.00638554 1.37754 9.15214e-07 -0.026053 
0.00549022 -0.685577 -0.691962 -0.00342697 -0.0295128 
0.00549022 2.06312 0.698348 0.00688861 -0.0260211 
0.00549022 -1.37115 -1.38392 3.28429e-05 -0.0329407 
0.00549022 0.685577 0.691962 0.00346073 -0.0294809 
0.00549022 -1.37754 -0.00638515 -0.00342697 -0.0295128 
0.00549022 0 0 -0.00342697 -0.0295128 
0.00549022 0.691962 -0.685577 3.28429e-05 -0.0329407 
0.00549022 -0.691962 0.685577 -0.00342697 -0.0295128 
0.00549022 0.691962 -0.685577 3.28429e-05 -0.0329407 
0.00549022 0 0 3.28429e-05 -0.0329407 
0.00549022 -0.691962 0.685577 -0.00342697 -0.0295128 
0.00549022 0 0 -0.00342697 -0.0295128 
0.00549022 0 0 -0.00342697 -0.0295128 
0.00549022 0.691962 -0.685577 3.28429e-05 -0.0329407 
0.00549022 -0.691962 0.685577 -0.00342697 -0.0295128 
0.00549022 0.691962 -0.685577 3.28429e-05 -0.0329407 
0.00549022 -0.00638554 1.37754 9.15214e-07 -0.026053 
0.00549022 0.00638554 -1.37754 3.28429e-05 -0.0329407 
0.00549022 -0.691962 0.685577 -0.00342697 -0.0295128 
0.00549022 1.37115 1.38392 0.0034288 -0.0225932 
0.00549022 -1.37115 -1.38392 -0.00342697 -0.0295128 
0.00549022 0 0 -0.00342697 -0.0295128 
0.00549022 0 0 -0.00342697 -0.0295128 
0.00549022 0.691962 -0.685577 3.28429e-05 -0.0329407 
0.00549022 0 0 3.28429e-05 -0.0329407 
0.00549022 -0.691962 0.685577 -0.00342697 -0.0295128 
0.00549022 0.685577 0.691962 9.15214e-07 -0.026053 
0.00549022 0.00638554 -1.37754 3.28429e-05 -0.0329407 
0.00549022 -0.00638554 1.37754 9.15214e-07 -0.026053 
0.00549022 0.00638554 -1.37754 3.28429e-05 -0.0329407 
0.00549022 -0.691962 0.685577 -0.00342697 -0.0295128 
0.00549022 0 0 -0.00342697 -0.0295128 
0.00549022 0 0 -0.00342697 -0.0295128 
0.00549022 0.691962 -0.685577 3.28429e-05 -0.0329407 
0.00549022 0 0 3.28429e-05 -0.0329407 
0.00549022 0 0 3.28429e-05 -0.0329407 
0.00549022 0 0 3.28429e-05 -0.0329407 
0.00549022 0 0 3.28429e-05 -0.0329407 
0.00549022 0 0 3.28429e-05 -0.0329407 
0.00549022 -0.00638554 1.37754 9.15214e-07 -0.026053 
0.00549022 -0.685577 -0.691962 -0.00342697 -0.0295128 
0.00549022 0.691962 -0.685577 3.28429e-05 -0.0329407 
0.00549022 -0.691962 0.685577 -0.00342697 -0.0295128 
0.00549022 1.38392 -1.37115 0.00349265 -0.0363686 
0.00549022 -1.38392 1.37115 -0.00342697 -0.0295128 
0.00549022 0.685577 0.691962 9.15214e-07 -0.026053 
0.00549022 0.00638554 -1.37754 3.28429e-05 -0.0329407 
0.00549022 -0.691962 0.685577 -0.00342697 -0.0295128 
0.00549022 0 0 -0.00342697 -0.0295128 
0.00549022 1.37754 0.00638515 0.00346073 -0.0294809 
0.00549022 -0.685577 -0.691962 3.28429e-05 -0.0329407 
0.00549022 0 0 3.28429e-05 -0.0329407 
0.00549022 0.685577 0.691962 0.00346073 -0.0294809 
0.00549022 -1.37754 -0.00638515 -0.00342697 -0.0295128 
0.00549022 0 0 -0.00342697 -0.0295128 
0.00549022 1.38392 -1.37115 0.00349265 -0.0363686 
0.00549022 -1.38392 1.37115 -0.00342697 -0.0295128 
0.00549022 0.691962 -0.685577 3.28429e-05 -0.0329407 
0.00549022 -0.691962 0.685577 -0.00342697 -0.0295128 
0.00549022 0.691962 -0.685577 3.28429e-05 -0.0329407 
0.00549022 -0.691962 0.685577 -0.00342697 -0.0295128 
0.00549022 0 0 -0.00342697 -0.0295128 
0.00549022 0.691962 -0.685577 3.28429e-05 -0.0329407 
0.00549022 -0.691962 0.685577 -0.00342697 -0.0295128 
0.00549022 0 0 -0.00342697 -0.0295128 
0.00549022 1.37754 0.00638515 0.00346073 -0.0294809 
0.00549022 -0.685577 -0.691962 3.28429e-05 -0.0329407 
0.00549022 0.685577 0.691962 0.00346073 -0.0294809 
0.00549022 -1.37754 -0.00638515 -0.00342697 -0.0295128 
0.00549022 0.691962 -0.685577 3.28429e-05 -0.0329407 
0.00549022 0.685577 0.691962 0.00346073 -0.0294809 
0.00549022 -1.37754 -0.00638515 -0.00342697 -0.0295128 
0.00549022 0.685577 0.691962 9.15214e-07 -0.026053 
0.00549022 -0.685577 -0.691962 -0.00342697 -0.0295128 
0.00549022 0.685577 0.691962 9.15214e-07 -0.026053 
0.00549022 -1.37115 -1.38392 -0.00685485 -0.0329726 
0.00549022 2.06312 0.698347 0.00346073 -0.0294809 
0.00549022 -1.37115 -1.38392 -0.00339504 -0.0364005 
0.00549022 -0.00638552 1.37754 -0.00342697 -0.0295128 
0.00549022 0.685577 0.691962 9.15214e-07 -0.026053 
0.00549022 0.698348 -2.06312 0.00349265 -0.0363686 
0.00549022 -1.37754 -0.00638515 -0.00339504 -0.0364005 
0.00549022 0.685577 0.691962 3.28429e-05 -0.0329407 
0.00549022 -0.691962 0.685577 -0.00342697 -0.0295128 
0.00549022 0.691962 -0.685577 3.28429e-05 -0.0329407 
0.00549022 0 0 3.28429e-05 -0.0329407 
0.00549022 -0.691962 0.685577 -0.00342697 -0.0295128 
0.00549022 1.38392 -1.37115 0.00349265 -0.0363686 
0.00549022 -1.38392 1.37115 -0.00342697 -0.0295128 
0.00549022 0 0 -0.00342697 -0.0295128 
0.00549022 0 0 -0.00342697 -0.0295128 
0.00549022 0.691962 -0.685577 3.28429e-05 -0.0329407 
0.00549022 -0.00638554 1.37754 9.15214e-07 -0.026053 
0.00549022 -0.685577 -0.691962 -0.00342697 -0.0295128 
0.00549022 0.691962 -0.685577 3.28429e-05 -0.0329407 
0.00549022 0.685577 0.691962 0.00346073 -0.0294809 
0.00549022 -1.37754 -0.00638515 -0.00342697 -0.0295128 
0.00549022 0 0 -0.00342697 -0.0295128 
0.00549022 0.691962 -0.685577 3.28429e-05 -0.0329407 
0.00549022 -0.691962 0.685577 -0.00342697 -0.0295128 
0.00549022 0.691962 -0.685577 3.28429e-05 -0.0329407 
0.00549022 -0.00638554 1.37754 9.15214e-07 -0.026053 
0.00549022 -0.685577 -0.691962 -0.00342697 -0.0295128 
0.00549022 0 0 -0.00342697 -0.0295128 
0.00549022 0.691962 -0.685577 3.28429e-05 -0.0329407 
0.00549022 -0.00638554 1.37754 9.15214e-07 -0.026053 
0.00549022 -1.37754 -0.00638552 -0.00688678 -0.0260849 
0.00549022 0.691962 -0.685577 -0.00342697 -0.0295128 
0.00549022 0 0 -0.00342697 -0.0295128 
0.00549022 0.691962 -0.685577 3.28429e-05 -0.0329407 
0.00549022 -0.691962 0.685577 -0.00342697 -0.0295128 
0.00549022 0.691962 -0.685577 3.28429e-05 -0.0329407 
0.00549022 -0.00638554 1.37754 9.15214e-07 -0.026053 
0.00549022 -0.685577 -0.691962 -0.00342697 -0.0295128 
0.00549022 0.691962 -0.685577 3.28429e-05 -0.0329407 
0.00549022 -0.691962 0.685577 -0.00342697 -0.0295128 
0.00549022 0.691962 -0.685577 3.28429e-05 -0.0329407 
0.00549022 0.685577 0.691962 0.00346073 -0.0294809 
0.00549022 -0.685577 -0.691962 3.28429e-05 -0.0329407 
0.00549022 0 0 3.28429e-05 -0.0329407 
0.00549022 0.691962 -0.685577 0.00349265 -0.0363686 
0.00549022 -0.691962 0.685577 3.28429e-05 -0.0329407 
0.00549022 -0.691962 0.685577 -0.00342697 -0.0295128 
