proStamp: 1 4365 761 581 364 68 93 1940 0 0 0 1
proStamp: 2 25608 575 608 399 77 57 23712 0 0 0 1
proStamp: 3 26641 412 331 280 53 54 25357 0 0 0 1
proStamp: 4 25735 463 467 419 118 69 23959 0 0 0 1
proStamp: 5 24406 424 290 241 62 118 23151 0 0 0 1
proStamp: 6 24983 306 369 291 69 57 23737 0 0 0 1
proStamp: 7 25076 302 362 320 64 53 23826 0 0 0 1
proStamp: 8 25489 366 311 271 87 94 23836 0 0 0 1
proStamp: 9 24410 313 359 288 64 88 23173 0 0 0 1
proStamp: 10 25795 277 558 649 54 57 23809 0 0 0 1
proStamp: 11 24310 295 335 282 81 79 22988 0 0 0 1
proStamp: 12 25105 268 456 424 70 54 23639 0 0 0 1
proStamp: 13 24673 265 377 307 52 55 23485 0 0 0 1
proStamp: 14 24926 288 340 286 62 54 23734 0 0 0 1
proStamp: 15 25070 279 424 253 61 83 23818 0 0 0 1
proStamp: 16 25027 272 304 402 83 62 23714 0 0 0 1
proStamp: 17 25637 263 532 598 68 53 23790 0 0 0 1
proStamp: 18 24261 260 342 256 60 56 23059 0 0 0 1
proStamp: 19 25174 264 283 238 67 94 23934 0 0 0 1
proStamp: 20 25266 351 417 343 91 59 23824 0 0 0 1
proStamp: 21 24455 268 314 236 63 55 23337 0 0 0 1
proStamp: 22 25010 272 302 238 61 53 23827 0 0 0 1
proStamp: 23 26517 489 567 771 204 117 23946 0 0 0 1
proStamp: 24 24524 431 544 454 124 129 22359 0 0 0 1
proStamp: 25 23966 264 338 297 66 56 22744 0 0 0 1
proStamp: 26 25104 279 332 380 76 59 23799 0 0 0 1
proStamp: 27 25045 273 300 285 70 58 23818 0 0 0 1
proStamp: 28 24865 264 361 234 84 58 23617 0 0 0 1
proStamp: 29 24949 304 340 297 62 60 23723 0 0 0 1
proStamp: 30 24990 260 315 273 65 56 23787 0 0 0 1
proStamp: 31 25145 265 449 288 65 57 23720 0 0 0 1
proStamp: 32 25009 265 409 319 66 55 23699 0 0 0 1
proStamp: 33 24769 265 320 311 49 54 23603 0 0 0 1
proStamp: 34 25231 391 351 293 71 55 23894 0 0 0 1
proStamp: 35 25109 324 393 344 106 65 23673 0 0 0 1
proStamp: 36 24635 273 358 281 58 60 23421 0 0 0 1
proStamp: 37 25012 271 297 270 87 75 23806 0 0 0 1
proStamp: 38 25283 263 470 278 86 100 23816 0 0 0 1
proStamp: 39 24875 300 422 299 71 82 23539 0 0 0 1
proStamp: 40 24817 267 357 317 72 60 23575 0 0 0 1
proStamp: 41 25653 278 520 569 67 107 23725 0 0 0 1
proStamp: 42 24895 258 514 572 73 59 22970 0 0 0 1
proStamp: 43 24675 271 342 365 107 59 23343 0 0 0 1
proStamp: 44 24908 255 391 305 72 58 23677 0 0 0 1
proStamp: 45 24857 266 343 248 83 55 23630 0 0 0 1
proStamp: 46 24844 256 304 232 62 80 23804 0 0 0 1
proStamp: 47 24914 280 307 229 53 55 23873 0 0 0 1
proStamp: 48 25215 259 378 304 71 57 23953 0 0 0 1
proStamp: 49 25089 254 348 329 84 81 23702 0 0 0 1
proStamp: 50 25630 255 709 283 96 58 23573 0 0 0 1
proStamp: 51 24379 269 438 288 71 88 23073 0 0 0 1
proStamp: 52 24935 310 421 275 91 69 23597 0 0 0 1
proStamp: 53 24826 262 296 269 71 90 23562 0 0 0 1
proStamp: 54 25745 261 541 602 85 57 23830 0 0 0 1
proStamp: 55 24284 262 322 319 64 56 22932 0 0 0 1
proStamp: 56 25240 304 293 257 69 60 23928 0 0 0 1
proStamp: 57 24774 272 347 311 59 56 23593 0 0 0 1
proStamp: 58 24940 267 301 266 56 55 23743 0 0 0 1
proStamp: 59 24970 270 268 248 76 58 23913 0 0 0 1
proStamp: 60 25540 262 452 552 154 60 23754 0 0 0 1
proStamp: 61 16840 198 147 174 73 63 15876 0 0 0 1
proStamp: 62 