proStamp: 1
90 149 59 -1 -0.117442 1 -1298.57 6.69827 0
349 410 61 -1 -1.21715 1 977.974 50.5938 0
ang -6.69827 260 0.653266 -4.37575
ang -5.59377 138 0.346734 -1.93955
SC 0： -6.3153
proStamp: 2
88 144 56 -1 -0.113023 1 -1298.92 6.44839 0
proStamp: 3
proStamp: 4
99 161 62 -1 -0.125058 1 -1297.74 7.12831 0
proStamp: 5
101 160 59 -1 -0.0970146 1 -1300.41 5.54119 0
359 428 69 -1 -4.08535 1 3827.39 76.2458 0
proStamp: 6
102 176 74 -1 -0.0801573 1 -1303.71 4.58288 0
proStamp: 7
104 161 57 -1 -0.167725 1 -1291.07 9.52129 0
359 419 60 -1 -4.22667 1 3961.45 76.689 0
proStamp: 8
104 164 60 -1 -0.122433 1 -1296.36 6.98018 0
proStamp: 9
102 160 58 -1 -0.108297 1 -1298.28 6.18088 0
proStamp: 10
104 170 66 -1 -0.1267 1 -1297.08 7.22089 0
proStamp: 11
103 162 59 -1 -0.109181 1 -1299.86 6.23093 0
172 217 45 -1 0.38754 1 -1443.28 -21.1833 0
proStamp: 12
105 163 58 -1 -0.119823 1 -1296.56 6.83278 0
proStamp: 13
105 162 57 -1 -0.12652 1 -1295.4 7.21073 0
172 219 47 -1 0.368682 1 -1435.03 -20.238 0
proStamp: 14
106 163 57 -1 -0.12387 1 -1297.46 7.06124 0
proStamp: 15
106 166 60 -1 -0.148905 1 -1293.56 8.46941 0
176 221 45 -1 0.369494 1 -1439.29 -20.279 0
proStamp: 16
106 181 75 -1 -0.0989132 1 -1297.75 5.64894 0
proStamp: 17
108 180 72 -1 -0.0963994 1 -1299.9 5.50626 0
proStamp: 18
106 181 75 -1 -0.0822213 1 -1300.77 4.70036 0
proStamp: 19
108 180 72 -1 -0.0961431 1 -1299.34 5.49171 0
proStamp: 20
108 181 73 -1 -0.0978212 1 -1298.78 5.58697 0
proStamp: 21
107 182 75 -1 -0.0753313 1 -1302.13 4.30803 0
proStamp: 22
106 181 75 -1 -0.076369 1 -1302.83 4.36714 0
proStamp: 23
106 173 67 -1 -0.13162 1 -1295.27 7.49815 0
proStamp: 24
107 182 75 -1 -0.095322 1 -1298.85 5.44509 0
proStamp: 25
106 181 75 -1 -0.0839963 1 -1299.06 4.80136 0
proStamp: 26
106 180 74 -1 -0.0777612 1 -1301.11 4.44644 0
proStamp: 27
107 182 75 -1 -0.0913676 1 -1299.32 5.22048 0
proStamp: 28
108 181 73 -1 -0.105679 1 -1296.22 6.03254 0
proStamp: 29
107 182 75 -1 -0.0612887 1 -1306.52 3.5072 0
proStamp: 30
108 183 75 -1 -0.0877629 1 -1299.28 5.01559 0
proStamp: 31
109 184 75 -1 -0.0763633 1 -1302.69 4.36682 0
proStamp: 32
110 182 72 -1 -0.0995028 1 -1299.51 5.68239 0
proStamp: 33
111 186 75 -1 -0.0858993 1 -1298.88 4.90962 0
proStamp: 34
113 178 65 -1 -0.127127 1 -1295.61 7.245 0
proStamp: 35
113 185 72 -1 -0.0753286 1 -1301.93 4.30788 0
proStamp: 36
113 188 75 -1 -0.104261 1 -1296.99 5.95219 0
proStamp: 37
114 187 73 -1 -0.104882 1 -1295.44 5.98741 0
proStamp: 38
116 191 75 -1 -0.0965183 1 -1298.9 5.51301 0
proStamp: 39
116 191 75 -1 -0.0760073 1 -1303.13 4.34654 0
proStamp: 40
115 190 75 -1 -0.0917558 1 -1300.44 5.24254 0
proStamp: 41
116 185 69 -1 -0.109663 1 -1298.31 6.2582 0
proStamp: 42
115 190 75 -1 -0.105719 1 -1295.48 6.03482 0
proStamp: 43
118 193 75 -1 -0.0963614 1 -1298.13 5.50411 0
proStamp: 44
123 195 72 -1 -0.100218 1 -1298.94 5.72297 0
proStamp: 45
125 193 68 -1 -0.135986 1 -1292.51 7.74394 0
proStamp: 46
122 193 71 -1 -0.0915098 1 -1301.7 5.22856 0
proStamp: 47
125 193 68 -1 -0.117167 1 -1297.42 6.6827 0
proStamp: 48
122 196 74 -1 -0.0885913 1 -1301.13 5.06269 0
proStamp: 49
124 199 75 -1 -0.0828924 1 -1300.73 4.73855 0
proStamp: 50
122 197 75 -1 -0.0855062 1 -1300.21 4.88726 0
proStamp: 51
125 200 75 -1 -0.0601767 1 -1305.98 3.44372 0
proStamp: 52
130 204 74 -1 -0.094447 1 -1299.65 5.39541 0
proStamp: 53
129 200 71 -1 -0.116325 1 -1299.06 6.63512 0
proStamp: 54
129 200 71 -1 -0.120624 1 -1294.96 6.87799 0
proStamp: 55
127 198 71 -1 -0.110788 1 -1297.87 6.32192 0
proStamp: 56
129 198 69 -1 -0.118888 1 -1298.83 6.77996 0
proStamp: 57
128 203 75 -1 -0.0795028 1 -1303.33 4.54562 0
proStamp: 58
125 196 71 -1 -0.0928097 1 -1303.32 5.30242 0
proStamp: 59
122 197 75 -1 -0.0904454 1 -1301.37 5.16808 0
proStamp: 60
115 190 75 -1 -0.0814902 1 -1304.41 4.65875 0
proStamp: 61
99 174 75 -1 -0.0707243 1 -1302.82 4.04547 0
proStamp: 62
92 166 74 -1 -0.0888235 1 -1300.4 5.07589 0
proStamp: 63
86 161 75 -1 -0.0871546 1 -1300.99 4.981 0
proStamp: 64
84 159 75 -1 -0.0947855 1 -1299.85 5.41464 0
proStamp: 65
80 155 75 -1 -0.0843281 1 -1302.34 4.82024 0
proStamp: 66
78 153 75 -1 -0.0887889 1 -1299.89 5.07393 0
proStamp: 67
76 151 75 -1 -0.0699797 1 -1304.49 4.00302 0
proStamp: 68
76 151 75 -1 -0.0880728 1 -1301.3 5.03321 0
proStamp: 69
78 152 74 -1 -0.0963171 1 -1298.94 5.50159 0
proStamp: 70
78 153 75 -1 -0.10294 1 -1298.47 5.87732 0
proStamp: 71
78 149 71 -1 -0.106237 1 -1299.78 6.06418 0
proStamp: 72
77 152 75 -1 -0.0917508 1 -1299.79 5.24226 0
proStamp: 73
77 151 74 -1 -0.0765309 1 -1303.78 4.37637 0
proStamp: 74
79 154 75 -1 -0.0771599 1 -1303.91 4.4122 0
proStamp: 75
82 151 69 -1 -0.124042 1 -1295.67 7.07095 0
proStamp: 76
86 161 75 -1 -0.0937062 1 -1301.47 5.35334 0
242 269 27 -1 -1.95181 1 1317.05 62.8719 0
proStamp: 77
84 158 74 -1 -0.106692 1 -1296.62 6.08997 0
proStamp: 78
86 161 75 -1 -0.0977893 1 -1299.75 5.58516 0
proStamp: 79
86 161 75 -1 -0.0751221 1 -1302.97 4.29611 0
proStamp: 80
85 160 75 -1 -0.0875304 1 -1301.28 5.00237 0
proStamp: 81
87 162 75 -1 -0.07548 1 -1303.83 4.3165 0
proStamp: 82
87 162 75 -1 -0.0872503 1 -1301.44 4.98644 0
proStamp: 83
89 164 75 -1 -0.100298 1 -1299.92 5.72749 0
proStamp: 84
87 159 72 -1 -0.10993 1 -1297.34 6.27332 0
proStamp: 85
