proStamp: 1 5937 768 747 1677 7 99 2025 0 0 0 1
proStamp: 2 23694 510 584 314 6 64 21995 0 0 0 1
proStamp: 3 25902 546 347 288 7 82 24455 0 0 0 1
proStamp: 4 26748 456 393 274 6 91 25347 0 0 0 1
proStamp: 5 25104 451 339 270 6 64 23794 0 0 0 1
proStamp: 6 25053 426 316 252 5 104 23816 0 0 0 1
proStamp: 7 25110 408 322 250 6 86 23901 0 0 0 1
proStamp: 8 25047 433 415 318 6 107 23586 0 0 0 1
proStamp: 9 24755 336 344 238 5 56 23589 0 0 0 1
proStamp: 10 25174 291 373 262 5 50 24009 0 0 0 1
proStamp: 11 24721 313 354 248 6 68 23591 0 0 0 1
proStamp: 12 24921 320 354 220 5 57 23822 0 0 0 1
proStamp: 13 25135 322 317 246 5 74 24018 0 0 0 1
proStamp: 14 25036 303 318 291 5 76 23891 0 0 0 1
proStamp: 15 25198 313 339 256 5 117 23823 0 0 0 1
proStamp: 16 25014 455 329 235 6 88 23622 0 0 0 1
proStamp: 17 25715 430 569 514 6 91 23730 0 0 0 1
proStamp: 18 24911 338 568 489 6 78 23170 0 0 0 1
proStamp: 19 24135 326 315 228 6 57 22793 0 0 0 1
proStamp: 20 25237 309 333 251 6 66 23881 0 0 0 1
proStamp: 21 24798 290 304 279 6 81 23670 0 0 0 1
proStamp: 22 25112 309 330 244 6 86 23842 0 0 0 1
proStamp: 23 24898 311 322 229 5 79 23759 0 0 0 1
proStamp: 24 24995 356 325 235 5 53 23840 0 0 0 1
proStamp: 25 24981 316 369 264 5 69 23828 0 0 0 1
proStamp: 26 25022 297 330 251 6 69 23956 0 0 0 1
proStamp: 27 24974 337 327 264 5 50 23842 0 0 0 1
proStamp: 28 25014 338 342 259 6 71 23860 0 0 0 1
proStamp: 29 25106 419 342 242 5 52 23818 0 0 0 1
proStamp: 30 24663 335 318 240 5 49 23569 0 0 0 1
proStamp: 31 25342 331 298 283 5 72 24216 0 0 0 1
proStamp: 32 24842 306 324 242 5 64 23758 0 0 0 1
proStamp: 33 25256 359 351 353 9 91 23953 0 0 0 1
proStamp: 34 24934 289 315 254 5 74 23849 0 0 0 1
proStamp: 35 24893 293 353 329 6 72 23720 0 0 0 1
proStamp: 36 25510 301 552 509 7 100 23805 0 0 0 1
proStamp: 37 24375 294 375 279 6 64 23131 0 0 0 1
proStamp: 38 25424 272 569 269 6 66 23948 0 0 0 1
proStamp: 39 25179 325 356 305 6 112 23494 0 0 0 1
proStamp: 40 24430 260 349 276 5 73 23306 0 0 0 1
proStamp: 41 24972 270 342 261 5 55 23767 0 0 0 1
proStamp: 42 25215 254 312 242 6 70 24069 0 0 0 1
proStamp: 43 25177 255 466 269 5 62 23741 0 0 0 1
proStamp: 44 24838 253 331 257 6 101 23623 0 0 0 1
proStamp: 45 24789 275 327 275 6 69 23460 0 0 0 1
proStamp: 46 25756 252 562 476 6 102 23898 0 0 0 1
proStamp: 47 24230 270 387 288 7 56 23070 0 0 0 1
proStamp: 48 25611 425 631 463 9 100 23803 0 0 0 1
proStamp: 49 24736 261 342 254 7 93 23125 0 0 0 1
proStamp: 50 25401 255 564 529 7 67 23688 0 0 0 1
proStamp: 51 24422 279 425 299 7 69 23063 0 0 0 1
proStamp: 52 25008 276 314 391 11 101 23657 0 0 0 1
proStamp: 53 24789 256 299 251 5 65 23609 0 0 0 1
proStamp: 54 24999 263 329 300 6 54 23901 0 0 0 1
proStamp: 55 25790 258 636 559 7 79 23824 0 0 0 1
proStamp: 56 25071 264 573 667 56 114 22827 0 0 0 1
proStamp: 57 