-0.000132839 0.679394 2.06944 -3.12545e-05 0.00751814 
-0.000132839 -0.685645 -0.691895 -0.00345948 0.00405867 
-0.000132839 0 0 -0.00345948 0.00405867 
-0.000132839 0.691895 -0.685645 -2.83365e-09 0.000630443 
-0.000132839 -0.691895 0.685645 -0.00345948 0.00405867 
-0.000132839 0 0 -0.00345948 0.00405867 
-0.000132839 0 0 -0.00345948 0.00405867 
-0.000132839 -0.685645 -0.691895 -0.0068877 0.000599191 
-0.000132839 -0.00625029 1.37754 -0.00691895 0.00748689 
-0.000132839 1.38379 -1.37129 -2.83365e-09 0.000630443 
-0.000132839 0 0 -2.83365e-09 0.000630443 
-0.000132839 -0.691895 0.685645 -0.00345948 0.00405867 
-0.000132839 -0.685645 -0.691895 -0.0068877 0.000599191 
-0.000132839 0.691895 -0.685645 -0.00342823 -0.00282903 
-0.000132839 -0.685645 -0.691895 -0.00685645 -0.00628851 
-0.000132839 0.679394 2.06943 -0.00345948 0.00405867 
-0.000132839 0.00625039 -1.37754 -0.00342823 -0.00282903 
-0.000132839 -0.691895 0.685645 -0.0068877 0.000599191 
-0.000132839 1.37754 0.0062503 -2.83365e-09 0.000630443 
-0.000132839 0 0 -2.83365e-09 0.000630443 
-0.000132839 0 0 -2.83365e-09 0.000630443 
-0.000132839 -1.37754 -0.0062503 -0.0068877 0.000599191 
-0.000132839 0.691895 -0.685645 -0.00342823 -0.00282903 
-0.000132839 -1.38379 1.37129 -0.0103472 0.00402742 
-0.000132839 2.07569 -2.05693 3.12492e-05 -0.00625726 
-0.000132839 -0.0062504 1.37754 -2.83365e-09 0.000630443 
-0.000132839 -0.691895 0.685645 -0.00345948 0.00405867 
-0.000132839 0.00625039 -1.37754 -0.00342823 -0.00282903 
-0.000132839 -0.00625039 1.37754 -0.00345948 0.00405867 
-0.000132839 -0.685645 -0.691895 -0.0068877 0.000599191 
-0.000132839 0.691895 -0.685645 -0.00342823 -0.00282903 
-0.000132839 0 0 -0.00342823 -0.00282903 
-0.000132839 0 0 -0.00342823 -0.00282903 
-0.000132839 -1.37754 -0.00625034 -0.0103159 -0.00286028 
-0.000132839 2.06318 0.698146 -2.83365e-09 0.000630443 
-0.000132839 0 0 -2.83365e-09 0.000630443 
-0.000132839 0 0 -2.83365e-09 0.000630443 
-0.000132839 -0.691895 0.685645 -0.00345948 0.00405867 
-0.000132839 0.00625039 -1.37754 -0.00342823 -0.00282903 
-0.000132839 -0.691895 0.685645 -0.0068877 0.000599191 
-0.000132839 0.691895 -0.685645 -0.00342823 -0.00282903 
-0.000132839 -0.691895 0.685645 -0.0068877 0.000599191 
-0.000132839 1.37129 1.38379 -3.12545e-05 0.00751814 
-0.000132839 -0.685645 -0.691895 -0.00345948 0.00405867 
-0.000132839 0.691895 -0.685645 -2.83365e-09 0.000630443 
-0.000132839 0.685645 0.691895 0.00342822 0.00408992 
-0.000132839 -1.37754 -0.00625029 -0.00345948 0.00405867 
-0.000132839 0.691895 -0.685645 -2.83365e-09 0.000630443 
-0.000132839 0.691895 -0.685645 0.00345947 -0.00279778 
-0.000132839 -1.37754 -0.00625034 -0.00342823 -0.00282903 
-0.000132839 -0.691895 0.685645 -0.0068877 0.000599191 
-0.000132839 0.685645 0.691895 -0.00345948 0.00405867 
-0.000132839 0.691895 -0.685645 -2.83365e-09 0.000630443 
-0.000132839 -0.691895 0.685645 -0.00345948 0.00405867 
-0.000132839 0.691895 -0.685645 -2.83365e-09 0.000630443 
-0.000132839 0.691895 -0.685645 0.00345947 -0.00279778 
-0.000132839 -1.37754 -0.00625034 -0.00342823 -0.00282903 
-0.000132839 0 0 -0.00342823 -0.00282903 
-0.000132839 0 0 -0.00342823 -0.00282903 
-0.000132839 0.685645 0.691895 -2.83365e-09 0.000630443 
-0.000132839 -0.691895 0.685645 -0.00345948 0.00405867 
-0.000132839 0.00625039 -1.37754 -0.00342823 -0.00282903 
-0.000132839 0 0 -0.00342823 -0.00282903 
-0.000132839 0.691895 -0.685645 3.12492e-05 -0.00625726 
-0.000132839 -1.38379 1.37129 -0.0068877 0.000599191 
-0.000132839 0 0 -0.0068877 0.000599191 
-0.000132839 0.691895 -0.685645 -0.00342823 -0.00282903 
-0.000132839 -0.685645 -0.691895 -0.00685645 -0.00628851 
-0.000132839 2.06318 0.698145 0.00345947 -0.00279778 
-0.000132839 -1.38379 1.37129 -0.00345948 0.00405867 
-0.000132839 0.691895 -0.685645 -2.83365e-09 0.000630443 
-0.000132839 -0.691895 0.685645 -0.00345948 0.00405867 
-0.000132839 0.00625039 -1.37754 -0.00342823 -0.00282903 
-0.000132839 0 0 -0.00342823 -0.00282903 
-0.000132839 -0.691895 0.685645 -0.0068877 0.000599191 
-0.000132839 0.691895 -0.685645 -0.00342823 -0.00282903 
-0.000132839 0.685645 0.691895 -2.83365e-09 0.000630443 
-0.000132839 0 0 -2.83365e-09 0.000630443 
-0.000132839 0 0 -2.83365e-09 0.000630443 
-0.000132839 0 0 -2.83365e-09 0.000630443 
-0.000132839 -0.685645 -0.691895 -0.00342823 -0.00282903 
-0.000132839 -0.691895 0.685645 -0.0068877 0.000599191 
-0.000132839 0 0 -0.0068877 0.000599191 
-0.000132839 0.685645 0.691895 -0.00345948 0.00405867 
-0.000132839 -0.685645 -0.691895 -0.0068877 0.000599191 
-0.000132839 1.37754 0.0062503 -2.83365e-09 0.000630443 
-0.000132839 -0.00625032 1.37754 -3.12545e-05 0.00751814 
-0.000132839 0.698145 -2.06318 0.00345947 -0.00279778 
-0.000132839 0 0 0.00345947 -0.00279778 
-0.000132839 -0.691895 0.685645 -2.83365e-09 0.000630443 
-0.000132839 -1.37754 -0.0062503 -0.0068877 0.000599191 
-0.000132839 0.691895 -0.685645 -0.00342823 -0.00282903 
-0.000132839 -1.38379 1.37129 -0.0103472 0.00402742 
-0.000132839 0.691895 -0.685645 -0.0068877 0.000599191 
-0.000132839 1.37754 0.0062503 -2.83365e-09 0.000630443 
-0.000132839 -0.691895 0.685645 -0.00345948 0.00405867 
-0.000132839 0.691895 -0.685645 -2.83365e-09 0.000630443 
-0.000132839 0 0 -2.83365e-09 0.000630443 
-0.000132839 -0.685645 -0.691895 -0.00342823 -0.00282903 
-0.000132839 0.679394 2.06944 -3.12545e-05 0.00751814 
-0.000132839 -1.37129 -1.38379 -0.0068877 0.000599191 
-0.000132839 -0.00625029 1.37754 -0.00691895 0.00748689 
-0.000132839 0.691895 -0.685645 -0.00345948 0.00405867 
-0.000132839 0.691895 -0.685645 -2.83365e-09 0.000630443 
-0.000132839 0 0 -2.83365e-09 0.000630443 
-0.000132839 -0.685645 -0.691895 -0.00342823 -0.00282903 
-0.000132839 0.691895 -0.685645 3.12492e-05 -0.00625726 
-0.000132839 -0.691895 0.685645 -0.00342823 -0.00282903 
-0.000132839 -0.00625039 1.37754 -0.00345948 0.00405867 
-0.000132839 0.691895 -0.685645 -2.83365e-09 0.000630443 
-0.000132839 -0.691895 0.685645 -0.00345948 0.00405867 
-0.000132839 0 0 -0.00345948 0.00405867 
-0.000132839 0.691895 -0.685645 -2.83365e-09 0.000630443 
-0.000132839 0 0 -2.83365e-09 0.000630443 
-0.000132839 0.685645 0.691895 0.00342822 0.00408992 
-0.000132839 -0.679394 -2.06943 3.12492e-05 -0.00625726 
-0.000132839 -1.38379 1.37129 -0.0068877 0.000599191 
-0.000132839 1.37754 0.0062503 -2.83365e-09 0.000630443 
-0.000132839 0 0 -2.83365e-09 0.000630443 
-0.000132839 0 0 -2.83365e-09 0.000630443 
-0.000132839 -0.00625032 1.37754 -3.12545e-05 0.00751814 
-0.000132839 0.691895 -0.685645 0.00342822 0.00408992 
-0.000132839 -1.37754 -0.00625029 -0.00345948 0.00405867 
-0.000132839 0 0 -0.00345948 0.00405867 
-0.000132839 0 0 -0.00345948 0.00405867 
-0.000132839 0.00625039 -1.37754 -0.00342823 -0.00282903 
-0.000132839 0.685645 0.691895 -2.83365e-09 0.000630443 
-0.000132839 -1.37754 -0.0062503 -0.0068877 0.000599191 
-0.000132839 1.37754 0.0062503 -2.83365e-09 0.000630443 
-0.000132839 0 0 -2.83365e-09 0.000630443 
-0.000132839 -0.691895 0.685645 -0.00345948 0.00405867 
-0.000132839 0 0 -0.00345948 0.00405867 
-0.000132839 -1.37754 -0.00625039 -0.0103472 0.00402742 
-0.000132839 1.38379 -1.37129 -0.00342823 -0.00282903 
-0.000132839 0.685645 0.691895 -2.83365e-09 0.000630443 
-0.000132839 -1.37754 -0.0062503 -0.0068877 0.000599191 
-0.000132839 1.37754 0.0062503 -2.83365e-09 0.000630443 
-0.000132839 0 0 -2.83365e-09 0.000630443 
-0.000132839 -0.685645 -0.691895 -0.00342823 -0.00282903 
-0.000132839 0.685645 0.691895 -2.83365e-09 0.000630443 
-0.000132839 -0.691895 0.685645 -0.00345948 0.00405867 
-0.000132839 0.698146 -2.06318 3.12492e-05 -0.00625726 
-0.000132839 -1.38379 1.37129 -0.0068877 0.000599191 
-0.000132839 0.691895 -0.685645 -0.00342823 -0.00282903 
-0.000132839 0 0 -0.00342823 -0.00282903 
-0.000132839 1.37754 0.00625034 0.00345947 -0.00279778 
-0.000132839 -0.691895 0.685645 -2.83365e-09 0.000630443 
-0.000132839 0 0 -2.83365e-09 0.000630443 
-0.000132839 -0.685645 -0.691895 -0.00342823 -0.00282903 
-0.000132839 -0.691895 0.685645 -0.0068877 0.000599191 
-0.000132839 1.38379 -1.37129 3.12492e-05 -0.00625726 
-0.000132839 -0.691895 0.685645 -0.00342823 -0.00282903 
-0.000132839 0 0 -0.00342823 -0.00282903 
-0.000132839 0.679394 2.06944 -3.12545e-05 0.00751814 
-0.000132839 0.00625032 -1.37754 -2.83365e-09 0.000630443 
-0.000132839 -0.691895 0.685645 -0.00345948 0.00405867 
-0.000132839 0.691895 -0.685645 -2.83365e-09 0.000630443 
-0.000132839 -0.691895 0.685645 -0.00345948 0.00405867 
-0.000132839 -0.685645 -0.691895 -0.0068877 0.000599191 
-0.000132839 0 0 -0.0068877 0.000599191 
-0.000132839 2.06943 -0.679394 0.00345947 -0.00279778 
-0.000132839 -2.06943 0.679394 -0.0068877 0.000599191 
-0.000132839 1.37754 0.0062503 -2.83365e-09 0.000630443 
-0.000132839 0 0 -2.83365e-09 0.000630443 
-0.000132839 -0.691895 0.685645 -0.00345948 0.00405867 
-0.000132839 0 0 -0.00345948 0.00405867 
-0.000132839 -0.685645 -0.691895 -0.0068877 0.000599191 
-0.000132839 0 0 -0.0068877 0.000599191 
-0.000132839 0 0 -0.0068877 0.000599191 
-0.000132839 0 0 -0.0068877 0.000599191 
-0.000132839 0.691895 -0.685645 -0.00342823 -0.00282903 
-0.000132839 0.679394 2.06944 -3.12545e-05 0.00751814 
-0.000132839 0.691895 -0.685645 0.00342822 0.00408992 
-0.000132839 -0.685645 -0.691895 -2.83365e-09 0.000630443 
-0.000132839 0.691895 -0.685645 0.00345947 -0.00279778 
-0.000132839 -1.37129 -1.38379 -0.00339698 -0.00971673 
-0.000132839 -0.0125006 2.75508 -0.00345948 0.00405867 
-0.000132839 -0.685645 -0.691895 -0.0068877 0.000599191 
-0.000132839 1.37754 0.0062503 -2.83365e-09 0.000630443 
-0.000132839 1.37754 0.00625033 0.0068877 0.000661695 
-0.000132839 -2.06944 0.679394 -0.00345948 0.00405867 
-0.000132839 0.00625039 -1.37754 -0.00342823 -0.00282903 
-0.000132839 -0.691895 0.685645 -0.0068877 0.000599191 
-0.000132839 0.685645 0.691895 -0.00345948 0.00405867 
-0.000132839 0.00625039 -1.37754 -0.00342823 -0.00282903 
-0.000132839 0 0 -0.00342823 -0.00282903 
-0.000132839 0 0 -0.00342823 -0.00282903 
-0.000132839 -0.691895 0.685645 -0.0068877 0.000599191 
-0.000132839 0.685645 0.691895 -0.00345948 0.00405867 
-0.000132839 0 0 -0.00345948 0.00405867 
-0.000132839 0.691895 -0.685645 -2.83365e-09 0.000630443 
-0.000132839 0 0 -2.83365e-09 0.000630443 
-0.000132839 -0.685645 -0.691895 -0.00342823 -0.00282903 
-0.000132839 0.00625025 -1.37754 -0.00339698 -0.00971673 
-0.000132839 -0.00625025 1.37754 -0.00342823 -0.00282903 
-0.000132839 0 0 -0.00342823 -0.00282903 
-0.000132839 0.685645 0.691895 -2.83365e-09 0.000630443 
-0.000132839 -0.691895 0.685645 -0.00345948 0.00405867 
-0.000132839 2.06944 -0.679394 0.0068877 0.000661695 
-0.000132839 -1.37754 -0.00625033 -2.83365e-09 0.000630443 
-0.000132839 -0.685645 -0.691895 -0.00342823 -0.00282903 
-0.000132839 0 0 -0.00342823 -0.00282903 
-0.000132839 0.685645 0.691895 -2.83365e-09 0.000630443 
-0.000132839 -0.691895 0.685645 -0.00345948 0.00405867 
-0.000132839 0.698146 -2.06318 3.12492e-05 -0.00625726 
-0.000132839 -0.691895 0.685645 -0.00342823 -0.00282903 
-0.000132839 0.685645 0.691895 -2.83365e-09 0.000630443 
-0.000132839 -0.00625032 1.37754 -3.12545e-05 0.00751814 
-0.000132839 0.00625032 -1.37754 -2.83365e-09 0.000630443 
-0.000132839 -0.685645 -0.691895 -0.00342823 -0.00282903 
-0.000132839 0 0 -0.00342823 -0.00282903 
-0.000132839 0 0 -0.00342823 -0.00282903 
-0.000132839 0 0 -0.00342823 -0.00282903 
-0.000132839 -0.698145 2.06318 -0.00691895 0.00748689 
-0.000132839 0.691895 -0.685645 -0.00345948 0.00405867 
-0.000132839 1.38379 -1.37129 0.00345947 -0.00279778 
-0.000132839 -1.37754 -0.00625034 -0.00342823 -0.00282903 
-0.000132839 0.685645 0.691895 -2.83365e-09 0.000630443 
-0.000132839 -0.685645 -0.691895 -0.00342823 -0.00282903 
-0.000132839 0 0 -0.00342823 -0.00282903 
-0.000132839 0 0 -0.00342823 -0.00282903 
-0.000132839 -1.37754 -0.00625034 -0.0103159 -0.00286028 
-0.000132839 3.44072 0.704396 0.0068877 0.000661695 
-0.000132839 -0.685645 -0.691895 0.00345947 -0.00279778 
-0.000132839 -0.00625034 1.37754 0.00342822 0.00408992 
-0.000132839 0 0 0.00342822 0.00408992 
-0.000132839 -1.37129 -1.38379 -0.00342823 -0.00282903 
-0.000132839 -1.37754 -0.00625034 -0.0103159 -0.00286028 
-0.000132839 2.06944 -0.679394 3.12492e-05 -0.00625726 
-0.000132839 -0.0062504 1.37754 -2.83365e-09 0.000630443 
-0.000132839 0 0 -2.83365e-09 0.000630443 
-0.000132839 0 0 -2.83365e-09 0.000630443 
-0.000132839 0 0 -2.83365e-09 0.000630443 
-0.000132839 0 0 -2.83365e-09 0.000630443 
-0.000132839 -0.00625032 1.37754 -3.12545e-05 0.00751814 
-0.000132839 -0.685645 -0.691895 -0.00345948 0.00405867 
-0.000132839 -1.37129 -1.38379 -0.0103159 -0.00286028 
-0.000132839 1.37754 0.00625034 -0.00342823 -0.00282903 
-0.000132839 -1.37754 -0.00625034 -0.0103159 -0.00286028 
-0.000132839 0.685645 0.691895 -0.0068877 0.000599191 
-0.000132839 1.37754 0.0062503 -2.83365e-09 0.000630443 
-0.000132839 0 0 -2.83365e-09 0.000630443 
-0.000132839 -1.37754 -0.0062503 -0.0068877 0.000599191 
-0.000132839 1.38379 -1.37129 3.12492e-05 -0.00625726 
-0.000132839 -0.0062504 1.37754 -2.83365e-09 0.000630443 
-0.000132839 -0.685645 -0.691895 -0.00342823 -0.00282903 
-0.000132839 -0.691895 0.685645 -0.0068877 0.000599191 
-0.000132839 1.37754 0.0062503 -2.83365e-09 0.000630443 
-0.000132839 0 0 -2.83365e-09 0.000630443 
-0.000132839 0.0062504 -1.37754 3.12492e-05 -0.00625726 
-0.000132839 -0.0062504 1.37754 -2.83365e-09 0.000630443 
-0.000132839 -0.691895 0.685645 -0.00345948 0.00405867 
-0.000132839 -0.685645 -0.691895 -0.0068877 0.000599191 
-0.000132839 1.37754 0.0062503 -2.83365e-09 0.000630443 
-0.000132839 0 0 -2.83365e-09 0.000630443 
-0.000132839 -2.06318 -0.698146 -0.0103159 -0.00286028 
-0.000132839 1.37129 1.38379 -0.00345948 0.00405867 
-0.000132839 0.00625039 -1.37754 -0.00342823 -0.00282903 
-0.000132839 -0.691895 0.685645 -0.0068877 0.000599191 
-0.000132839 2.06318 0.698145 0.00342822 0.00408992 
-0.000132839 -2.05693 -2.07569 -0.00685645 -0.00628851 
-0.000132839 -0.00625039 1.37754 -0.0068877 0.000599191 
-0.000132839 0.691895 -0.685645 -0.00342823 -0.00282903 
-0.000132839 0.685645 0.691895 -2.83365e-09 0.000630443 
-0.000132839 -0.685645 -0.691895 -0.00342823 -0.00282903 
-0.000132839 1.37754 0.00625034 0.00345947 -0.00279778 
-0.000132839 -0.691895 0.685645 -2.83365e-09 0.000630443 
-0.000132839 0 0 -2.83365e-09 0.000630443 
-0.000132839 -1.38379 1.37129 -0.00691895 0.00748689 
-0.000132839 1.38379 -1.37129 -2.83365e-09 0.000630443 
-0.000132839 -2.06943 0.679394 -0.0103472 0.00402742 
-0.000132839 0.698146 -2.06318 -0.00685645 -0.00628851 
-0.000132839 0.685645 0.691895 -0.00342823 -0.00282903 
-0.000132839 0.685645 0.691895 -2.83365e-09 0.000630443 
-0.000132839 0 0 -2.83365e-09 0.000630443 
-0.000132839 0.691895 -0.685645 0.00345947 -0.00279778 
-0.000132839 -1.38379 1.37129 -0.00345948 0.00405867 
-0.000132839 0 0 -0.00345948 0.00405867 
-0.000132839 0.00625039 -1.37754 -0.00342823 -0.00282903 
-0.000132839 -0.00625039 1.37754 -0.00345948 0.00405867 
-0.000132839 -0.685645 -0.691895 -0.0068877 0.000599191 
-0.000132839 0.691895 -0.685645 -0.00342823 -0.00282903 
-0.000132839 1.37754 0.00625034 0.00345947 -0.00279778 
-0.000132839 -0.691895 0.685645 -2.83365e-09 0.000630443 
-0.000132839 0.685645 0.691895 0.00342822 0.00408992 
-0.000132839 -1.37129 -1.38379 -0.00342823 -0.00282903 
-0.000132839 0.691895 -0.685645 3.12492e-05 -0.00625726 
-0.000132839 -2.07569 2.05693 -0.0103472 0.00402742 
-0.000132839 0.691895 -0.685645 -0.0068877 0.000599191 
-0.000132839 0.691895 -0.685645 -0.00342823 -0.00282903 
-0.000132839 0.685645 0.691895 -2.83365e-09 0.000630443 
-0.000132839 -1.38379 1.37129 -0.00691895 0.00748689 
-0.000132839 1.38379 -1.37129 -2.83365e-09 0.000630443 
-0.000132839 0.679394 2.06943 0.00339697 0.0109776 
-0.000132839 -0.673144 -3.44697 3.12492e-05 -0.00625726 
-0.000132839 -0.691895 0.685645 -0.00342823 -0.00282903 
-0.000132839 -0.691895 0.685645 -0.0068877 0.000599191 
-0.000132839 0.691895 -0.685645 -0.00342823 -0.00282903 
-0.000132839 0 0 -0.00342823 -0.00282903 
-0.000132839 1.37129 1.38379 0.00342822 0.00408992 
-0.000132839 -0.679394 -2.06943 3.12492e-05 -0.00625726 
-0.000132839 -0.0125007 2.75508 -3.12545e-05 0.00751814 
-0.000132839 0.00625032 -1.37754 -2.83365e-09 0.000630443 
-0.000132839 -1.37754 -0.0062503 -0.0068877 0.000599191 
-0.000132839 0.698145 -2.06318 -0.00339698 -0.00971673 
-0.000132839 -0.00625025 1.37754 -0.00342823 -0.00282903 
-0.000132839 2.06318 0.698146 0.0068877 0.000661695 
-0.000132839 -1.37754 -0.00625033 -2.83365e-09 0.000630443 
-0.000132839 0.691895 -0.685645 0.00345947 -0.00279778 
-0.000132839 -0.698145 2.06318 -3.12545e-05 0.00751814 
-0.000132839 0.00625032 -1.37754 -2.83365e-09 0.000630443 
-0.000132839 -0.691895 0.685645 -0.00345948 0.00405867 
-0.000132839 -0.685645 -0.691895 -0.0068877 0.000599191 
-0.000132839 0.691895 -0.685645 -0.00342823 -0.00282903 
-0.000132839 0.685645 0.691895 -2.83365e-09 0.000630443 
-0.000132839 -1.37754 -0.0062503 -0.0068877 0.000599191 
-0.000132839 1.37754 0.0062503 -2.83365e-09 0.000630443 
-0.000132839 0 0 -2.83365e-09 0.000630443 
-0.000132839 -0.691895 0.685645 -0.00345948 0.00405867 
-0.000132839 0.691895 -0.685645 -2.83365e-09 0.000630443 
-0.000132839 -1.37754 -0.0062503 -0.0068877 0.000599191 
-0.000132839 0.691895 -0.685645 -0.00342823 -0.00282903 
-0.000132839 -0.685645 -0.691895 -0.00685645 -0.00628851 
-0.000132839 0.685645 0.691895 -0.00342823 -0.00282903 
-0.000132839 0.685645 0.691895 -2.83365e-09 0.000630443 
-0.000132839 -0.685645 -0.691895 -0.00342823 -0.00282903 
-0.000132839 1.37754 0.00625034 0.00345947 -0.00279778 
-0.000132839 -0.685645 -0.691895 3.12492e-05 -0.00625726 
-0.000132839 -1.38379 1.37129 -0.0068877 0.000599191 
-0.000132839 0.691895 -0.685645 -0.00342823 -0.00282903 
-0.000132839 0 0 -0.00342823 -0.00282903 
-0.000132839 0 0 -0.00342823 -0.00282903 
-0.000132839 0 0 -0.00342823 -0.00282903 
-0.000132839 1.37129 1.38379 0.00342822 0.00408992 
-0.000132839 -1.37754 -0.00625029 -0.00345948 0.00405867 
-0.000132839 -0.691895 0.685645 -0.00691895 0.00748689 
-0.000132839 1.38379 -1.37129 -2.83365e-09 0.000630443 
-0.000132839 -0.691895 0.685645 -0.00345948 0.00405867 
-0.000132839 0.00625039 -1.37754 -0.00342823 -0.00282903 
-0.000132839 0 0 -0.00342823 -0.00282903 
-0.000132839 0 0 -0.00342823 -0.00282903 
-0.000132839 1.37754 0.00625034 0.00345947 -0.00279778 
-0.000132839 -1.38379 1.37129 -0.00345948 0.00405867 
-0.000132839 0.691895 -0.685645 -2.83365e-09 0.000630443 
-0.000132839 0 0 -2.83365e-09 0.000630443 
-0.000132839 -0.691895 0.685645 -0.00345948 0.00405867 
-0.000132839 0.00625039 -1.37754 -0.00342823 -0.00282903 
-0.000132839 0 0 -0.00342823 -0.00282903 
-0.000132839 -0.691895 0.685645 -0.0068877 0.000599191 
-0.000132839 0 0 -0.0068877 0.000599191 
-0.000132839 0.685645 0.691895 -0.00345948 0.00405867 
-0.000132839 0.691895 -0.685645 -2.83365e-09 0.000630443 
-0.000132839 0.685645 0.691895 0.00342822 0.00408992 
-0.000132839 -0.685645 -0.691895 -2.83365e-09 0.000630443 
-0.000132839 -1.37754 -0.0062503 -0.0068877 0.000599191 
-0.000132839 -0.685645 -0.691895 -0.0103159 -0.00286028 
-0.000132839 0.685645 0.691895 -0.0068877 0.000599191 
-0.000132839 0 0 -0.0068877 0.000599191 
-0.000132839 1.37754 0.0062503 -2.83365e-09 0.000630443 
-0.000132839 0.685645 0.691895 0.00342822 0.00408992 
-0.000132839 -1.37754 -0.00625029 -0.00345948 0.00405867 
-0.000132839 -0.685645 -0.691895 -0.0068877 0.000599191 
-0.000132839 -0.691895 0.685645 -0.0103472 0.00402742 
-0.000132839 1.38379 -1.37129 -0.00342823 -0.00282903 
-0.000132839 0 0 -0.00342823 -0.00282903 
-0.000132839 0 0 -0.00342823 -0.00282903 
-0.000132839 0.685645 0.691895 -2.83365e-09 0.000630443 
-0.000132839 0 0 -2.83365e-09 0.000630443 
-0.000132839 0 0 -2.83365e-09 0.000630443 
-0.000132839 -0.691895 0.685645 -0.00345948 0.00405867 
-0.000132839 2.06944 -0.679394 0.0068877 0.000661695 
-0.000132839 -2.06318 -0.698146 -0.00342823 -0.00282903 
-0.000132839 -0.685645 -0.691895 -0.00685645 -0.00628851 
-0.000132839 0.685645 0.691895 -0.00342823 -0.00282903 
-0.000132839 -0.691895 0.685645 -0.0068877 0.000599191 
-0.000132839 1.37129 1.38379 -3.12545e-05 0.00751814 
-0.000132839 -1.37129 -1.38379 -0.0068877 0.000599191 
-0.000132839 0.685645 0.691895 -0.00345948 0.00405867 
-0.000132839 1.37754 0.00625029 0.00342822 0.00408992 
-0.000132839 -0.685645 -0.691895 -2.83365e-09 0.000630443 
-0.000132839 -1.37754 -0.0062503 -0.0068877 0.000599191 
-0.000132839 -0.685645 -0.691895 -0.0103159 -0.00286028 
-0.000132839 0.685645 0.691895 -0.0068877 0.000599191 
-0.000132839 -0.685645 -0.691895 -0.0103159 -0.00286028 
-0.000132839 1.37129 1.38379 -0.00345948 0.00405867 
-0.000132839 0.691895 -0.685645 -2.83365e-09 0.000630443 
-0.000132839 0 0 -2.83365e-09 0.000630443 
-0.000132839 -0.685645 -0.691895 -0.00342823 -0.00282903 
-0.000132839 -0.691895 0.685645 -0.0068877 0.000599191 
-0.000132839 0 0 -0.0068877 0.000599191 
-0.000132839 1.38379 -1.37129 3.12492e-05 -0.00625726 
-0.000132839 -2.06944 0.679394 -0.0103159 -0.00286028 
-0.000132839 2.06318 0.698146 -2.83365e-09 0.000630443 
-0.000132839 0 0 -2.83365e-09 0.000630443 
-0.000132839 0 0 -2.83365e-09 0.000630443 
-0.000132839 -1.37754 -0.0062503 -0.0068877 0.000599191 
-0.000132839 0.685645 0.691895 -0.00345948 0.00405867 
-0.000132839 -0.685645 -0.691895 -0.0068877 0.000599191 
-0.000132839 0.691895 -0.685645 -0.00342823 -0.00282903 
-0.000132839 0 0 -0.00342823 -0.00282903 
-0.000132839 -0.685645 -0.691895 -0.00685645 -0.00628851 
-0.000132839 0.679394 2.06943 -0.00345948 0.00405867 
-0.000132839 0.685645 0.691895 -3.12545e-05 0.00751814 
-0.000132839 0.00625032 -1.37754 -2.83365e-09 0.000630443 
-0.000132839 -0.691895 0.685645 -0.00345948 0.00405867 
-0.000132839 0.00625039 -1.37754 -0.00342823 -0.00282903 
-0.000132839 -0.691895 0.685645 -0.0068877 0.000599191 
