proStamp: 1 6107 744 1306 883 162 103 2300 0 0 0 1
proStamp: 2 24892 634 974 350 87 79 22519 0 0 0 1
proStamp: 3 25304 560 628 266 7 113 23490 0 0 0 1
proStamp: 4 27042 596 357 322 89 107 25336 0 0 0 1
proStamp: 5 25803 683 368 493 132 137 23759 0 0 0 1
proStamp: 6 24792 699 353 252 96 101 23131 0 0 0 1
proStamp: 7 25871 796 498 407 151 175 23641 0 0 0 1
proStamp: 8 25171 726 617 485 123 174 22770 0 0 0 1
proStamp: 9 24312 364 538 286 104 151 22513 0 0 0 1
proStamp: 10 25609 421 756 468 98 163 23305 0 0 0 1
proStamp: 11 24222 340 412 295 155 167 22569 0 0 0 1
proStamp: 12 24939 282 329 296 65 62 23651 0 0 0 1
proStamp: 13 25985 271 602 799 112 139 23723 0 0 0 1
proStamp: 14 23821 296 323 304 82 63 22438 0 0 0 1
proStamp: 15 25853 509 603 497 169 142 23709 0 0 0 1
proStamp: 16 24030 295 379 336 115 69 22521 0 0 0 1
proStamp: 17 24782 270 378 390 79 121 23327 0 0 0 1
proStamp: 18 24265 278 309 301 84 64 23058 0 0 0 1
proStamp: 19 24976 303 332 280 85 123 23647 0 0 0 1
proStamp: 20 24851 271 378 314 82 68 23630 0 0 0 1
proStamp: 21 25344 263 320 307 100 79 23703 0 0 0 1
proStamp: 22 24481 262 352 311 81 66 23286 0 0 0 1
proStamp: 23 25150 273 375 410 83 103 23632 0 0 0 1
proStamp: 24 24874 262 542 398 84 101 23324 0 0 0 1
proStamp: 25 24871 292 347 330 125 136 23366 0 0 0 1
proStamp: 26 25607 261 338 355 81 84 23517 0 0 0 1
proStamp: 27 24117 282 334 301 85 79 22778 0 0 0 1
proStamp: 28 24808 268 325 301 87 112 23583 0 0 0 1
proStamp: 29 25195 262 369 306 80 77 23780 0 0 0 1
proStamp: 30 25050 262 372 369 102 83 23678 0 0 0 1
proStamp: 31 23990 262 315 310 58 71 22809 0 0 0 1
proStamp: 32 24730 260 353 341 57 71 23525 0 0 0 1
proStamp: 33 24700 262 337 359 75 109 23412 0 0 0 1
proStamp: 34 25007 272 376 303 64 85 23634 0 0 0 1
proStamp: 35 24772 260 343 313 87 94 23476 0 0 0 1
proStamp: 36 25681 460 628 529 102 142 23643 0 0 0 1
proStamp: 37 24178 263 355 387 74 62 22824 0 0 0 1
proStamp: 38 24741 260 324 350 64 100 23526 0 0 0 1
proStamp: 39 25063 275 367 346 77 60 23629 0 0 0 1
proStamp: 40 24632 261 361 370 73 62 23362 0 0 0 1
proStamp: 41 25621 263 622 581 75 60 23711 0 0 0 1
proStamp: 42 24585 292 455 371 156 65 23006 0 0 0 1
proStamp: 43 24711 318 409 357 76 58 23297 0 0 0 1
proStamp: 44 25874 308 574 508 149 68 23624 0 0 0 1
proStamp: 45 23960 263 450 243 75 59 22586 0 0 0 1
proStamp: 46 25544 272 631 224 77 64 23862 0 0 0 1
proStamp: 47 28505 349 809 263 77 76 26575 0 0 0 1
proStamp: 48 26974 265 388 210 65 61 25727 0 0 0 1
proStamp: 49 28636 272 427 219 73 64 27427 0 0 0 1
proStamp: 50 26466 263 598 554 91 58 24444 0 0 0 1
proStamp: 51 24721 263 339 221 87 114 23435 0 0 0 1
proStamp: 52 25233 298 394 215 66 111 24007 0 0 0 1
proStamp: 53 24883 264 387 251 79 63 23598 0 0 0 1
proStamp: 54 24801 262 370 253 100 59 23611 0 0 0 1
proStamp: 55 24894 263 449 249 108 67 23605 0 0 0 1
proStamp: 56 24164 262 390 236 74 62 22995 0 0 0 1
proStamp: 57 24893 303 449 238 66 62 23621 0 0 0 1
proStamp: 58 25812 326 579 574 87 137 23665 0 0 0 1
proStamp: 59 25552 266 486 363 126 91 22659 0 0 0 1
proStamp: 60 23166 269 363 312 51 64 21880 0 0 0 1
proStamp: 61 25127 271 479 211 79 61 23729 0 0 0 1
proStamp: 62 24750 272 326 258 72 60 23618 0 0 0 1
proStamp: 63 25565 260 490 361 83 64 23879 0 0 0 1
proStamp: 64 25343 259 628 510 91 75 23309 0 0 0 1
proStamp: 65 24135 266 443 329 60 58 22818 0 0 0 1
proStamp: 66 24885 283 362 240 88 60 23691 0 0 0 1
proStamp: 67 25652 477 587 483 119 116 23699 0 0 0 1
proStamp: 68 24129 259 350 209 75 65 22977 0 0 0 1
proStamp: 69 24804 260 368 240 56 60 23689 0 0 0 1
proStamp: 70 24905 259 363 287 72 56 23654 0 0 0 1
proStamp: 71 25121 259 417 508 69 76 23605 0 0 0 1
proStamp: 72 24634 261 445 242 75 58 23249 0 0 0 1
proStamp: 73 24885 273 313 194 65 90 23672 0 0 0 1
proStamp: 74 23935 304 338 239 91 71 22675 0 0 0 1
proStamp: 75 25121 260 446 263 87 93 23606 0 0 0 1
proStamp: 76 24590 259 322 201 111 150 23276 0 0 0 1
proStamp: 77 25061 260 353 304 82 135 23792 0 0 0 1
proStamp: 78 24870 269 353 333 88 63 23472 0 0 0 1
proStamp: 79 25105 261 580 610 83 63 23382 0 0 0 1
proStamp: 80 24387 260 473 232 73 58 23106 0 0 0 1
proStamp: 81 24789 262 329 290 79 80 23520 0 0 0 1
proStamp: 82 25055 432 325 267 69 109 23711 0 0 0 1
proStamp: 83 25052 276 472 235 96 91 23542 0 0 0 1
proStamp: 84 25662 261 684 663 168 79 23378 0 0 0 1
proStamp: 85 